	G_Ce1	G_Ce2	G_Ce3	G_Ce4	G_Ce5	G_Co1	G_Co2	G_Co3	G_Co4	G_Co5	G_M_Ce1	G_M_Ce2	G_M_Ce3	G_M_Ce4	G_M_Ce5	G_M_Co1	G_M_Co2	G_M_Co3	G_M_Co4	G_M_Co5	G_M_Ru1	G_M_Ru2	G_M_Ru3	G_M_Ru4	G_M_Ru5	G_Ru1	G_Ru2	G_Ru3	G_Ru4	G_Ru5	S_Ce1	S_Ce2	S_Ce3	S_Ce4	S_Ce5	S_Co1	S_Co2	S_Co3	S_Co4	S_Co5	S_M_Ce1	S_M_Ce2	S_M_Ce3	S_M_Ce4	S_M_Ce5	S_M_Co1	S_M_Co2	S_M_Co3	S_M_Co4	S_M_Co5	S_M_Ru1	S_M_Ru2	S_M_Ru3	S_M_Ru4	S_M_Ru5	S_Ru1	S_Ru2	S_Ru3	S_Ru4	S_Ru5
G_Ce1	0.0	0.37225672246	0.345735863796	0.361594884856	0.350480355138	0.30554908856	0.40594749657	0.327587029579	0.37474621451	0.379998452516	0.560345918989	0.697949011445	0.710944463535	0.712151377085	0.720266246369	0.688620294058	0.816543018324	0.76616349202	0.710907980113	0.78556432453	0.771355812001	0.778877268736	0.763614950208	0.800000555297	0.774380886392	0.77872008253	0.767703719639	0.780495984699	0.785592950948	0.767494203283	0.423010750091	0.419006007559	0.401873769779	0.448863187155	0.419893508397	0.459940705451	0.422425991977	0.446393428551	0.438240611407	0.442967215154	0.677031807856	0.707831787984	0.720303709088	0.625156184259	0.719284121824	0.796049126168	0.755078833428	0.807921597481	0.788988259147	0.855220994616	0.77943907796	0.795175916977	0.777487974907	0.78814234833	0.776965402291	0.759505581925	0.781458181442	0.786919441074	0.785532115727	0.793408787641
G_Ce2	0.37225672246	0.0	0.357883742366	0.375557436034	0.37948059488	0.392781261246	0.351548312702	0.356286288171	0.374872733919	0.42274996339	0.632417373603	0.678970089972	0.721338274689	0.720260433356	0.741078166726	0.731905620411	0.813062978164	0.781538570128	0.729507363848	0.802105881818	0.778796476318	0.767545536492	0.763735621267	0.804200897058	0.776638163382	0.780862298334	0.753901277748	0.775467244799	0.778448493627	0.766552080934	0.443227148176	0.443284444035	0.413150942233	0.460768598743	0.416936016326	0.481100230785	0.454331721767	0.455388727344	0.451054562194	0.443127871064	0.700304611606	0.734221607591	0.734321781283	0.65171206218	0.737219324139	0.807673889129	0.775119039046	0.81886416694	0.802043528567	0.859923286208	0.786098839458	0.796435566468	0.78635719958	0.785752327549	0.785155788543	0.766649936405	0.783835636227	0.78777578568	0.783020391809	0.786492846691
G_Ce3	0.345735863796	0.357883742366	0.0	0.36017175963	0.360949188896	0.374926743375	0.381605052944	0.253905023577	0.36441461629	0.400215140788	0.615160303778	0.688633311828	0.706749871641	0.716207116549	0.732574775807	0.718853944425	0.814213356526	0.753965118601	0.719461010076	0.795626369248	0.770013024188	0.762078459576	0.752490692268	0.795847014738	0.767086605868	0.771362262394	0.75516636246	0.766532235196	0.769821413319	0.758666840382	0.436572589771	0.418769082823	0.424655314414	0.448168014697	0.422286211099	0.472015077708	0.435733612665	0.458479296475	0.459824757385	0.447467049092	0.69410183927	0.720598393709	0.729191963172	0.63716422194	0.726337864438	0.801039846278	0.76006693956	0.813252353201	0.791170865416	0.854549720708	0.786800816701	0.790145533126	0.784863467631	0.780919820976	0.785166691271	0.755327364374	0.780631820914	0.78565659143	0.778461467039	0.779587900321
G_Ce4	0.361594884856	0.375557436034	0.36017175963	0.0	0.364799492449	0.380673302213	0.398126307493	0.377962373589	0.23492265794	0.375116505941	0.6216614395	0.70087244542	0.716750162712	0.68805990679	0.725934149713	0.716203838534	0.81158957893	0.772381700063	0.683712241269	0.788468231705	0.782148317386	0.790215068694	0.773299485144	0.806813778289	0.788028519151	0.798234805399	0.782667274057	0.789872588388	0.782595073885	0.782333382248	0.418199457631	0.437101392432	0.422935390891	0.454470754538	0.437142184486	0.462493436153	0.433150697229	0.441870629828	0.423945463554	0.428116740419	0.684924334235	0.716927750451	0.725726662624	0.636290478667	0.725363366235	0.798070437259	0.757221283798	0.804546822512	0.793858988524	0.853427849142	0.801318289785	0.81620986341	0.795403878188	0.803124172082	0.799243219015	0.778290198033	0.801073630142	0.805020376316	0.802603586891	0.809288750288
G_Ce5	0.350480355138	0.37948059488	0.360949188896	0.364799492449	0.0	0.373231019744	0.397966681898	0.365949740334	0.358334498553	0.310746083301	0.605499363431	0.688840219777	0.712501121694	0.706019815419	0.699133286036	0.70891111504	0.811600644858	0.764932812291	0.721499416847	0.768045439773	0.774008104614	0.771015102834	0.76064052434	0.79091283064	0.771006104371	0.790727678014	0.770128503677	0.770902186775	0.770778381467	0.766591858272	0.440351325835	0.421116433695	0.395911857692	0.481019248861	0.438677998447	0.469494239392	0.428530053196	0.449330886661	0.444074198715	0.44470960059	0.680049288688	0.702140551835	0.720318448194	0.637524885537	0.723891355577	0.797564760678	0.754421213299	0.804225250939	0.79050491594	0.854773378218	0.785075805434	0.795648716641	0.784636001863	0.786833464415	0.78318212176	0.755167218879	0.77831477406	0.790500238859	0.784809480393	0.797284134096
G_Co1	0.30554908856	0.392781261246	0.374926743375	0.380673302213	0.373231019744	0.0	0.328042421747	0.362248257405	0.361331529101	0.313272765135	0.542346282543	0.6686318593	0.679788641164	0.684954712076	0.699906734243	0.652942757779	0.79623520152	0.747271161336	0.68590756659	0.765673928495	0.749780984835	0.754221472339	0.74107952699	0.776366127738	0.75006735086	0.792324357155	0.775298027449	0.786406816907	0.789233198651	0.77495203128	0.437638545205	0.394523127125	0.42658767808	0.46610393103	0.44913394076	0.418388002515	0.381594920879	0.39454528095	0.455720038649	0.458876476023	0.649568537885	0.68326527074	0.699542495196	0.603538663001	0.698868820951	0.778554033443	0.732072325154	0.789734524737	0.767449262109	0.839615591528	0.754733292026	0.774609596743	0.752770115631	0.762395330345	0.755838385425	0.763707375101	0.78936453487	0.798742307594	0.79503736218	0.803035497361
G_Co2	0.40594749657	0.351548312702	0.381605052944	0.398126307493	0.397966681898	0.328042421747	0.0	0.379914630439	0.367275283131	0.337009458435	0.58167051249	0.620857017544	0.674623137077	0.671705902717	0.694035241905	0.673857733575	0.775251288256	0.736577862329	0.683120580863	0.761348979897	0.733360740213	0.727898422359	0.724523366852	0.757702416211	0.735568065208	0.777568768489	0.755101582072	0.764097669676	0.769071220533	0.762468405967	0.420536840986	0.394192012488	0.425147342433	0.454419268156	0.440981186331	0.402799898865	0.385875611307	0.389864944926	0.444838786021	0.444350369392	0.630422253236	0.667705250246	0.67863939346	0.56694690489	0.680774415175	0.765470188918	0.717720587635	0.781462477803	0.756637865713	0.826826060516	0.741985648193	0.754869770952	0.737859274305	0.744220824913	0.746519579604	0.737338160351	0.769132339889	0.77736937334	0.775987378811	0.78366501115
G_Co3	0.327587029579	0.356286288171	0.253905023577	0.377962373589	0.365949740334	0.362248257405	0.379914630439	0.0	0.358720768309	0.38655150572	0.598574699939	0.683143170948	0.698304735017	0.714851625222	0.722188240768	0.714926873096	0.813061143929	0.745945942728	0.718557926123	0.792209141608	0.769572709151	0.770809719673	0.751913620623	0.791836336295	0.76619247148	0.776067295376	0.760253194128	0.767928772687	0.771700012433	0.763551550442	0.429622593027	0.425819543684	0.41897479364	0.458282062583	0.41476391524	0.459726054877	0.427151127735	0.454685188012	0.442170286208	0.436053877937	0.682602997461	0.716091281063	0.721616428175	0.634461273956	0.724467062731	0.79679673286	0.758929209461	0.813772177234	0.790480269167	0.850485185304	0.781844722918	0.791747935103	0.778078865141	0.779518343855	0.778565590504	0.751816908188	0.783096018316	0.786877217071	0.782104651965	0.786900774565
G_Co4	0.37474621451	0.374872733919	0.36441461629	0.23492265794	0.358334498553	0.361331529101	0.367275283131	0.358720768309	0.0	0.360557449574	0.612077388634	0.679104397655	0.702593288757	0.672797083239	0.71822120258	0.700767808697	0.803681036064	0.76337438298	0.675438144536	0.783781939733	0.777538350528	0.788142318889	0.768517622474	0.797837573353	0.783207391646	0.790987567877	0.780464700544	0.789311888388	0.777768567723	0.77743416187	0.421172734503	0.434592246576	0.417019557312	0.447492195067	0.438426999738	0.444466905511	0.428554647566	0.430396447733	0.433082562451	0.440652063038	0.669681527556	0.705585494363	0.711218638878	0.618408504063	0.717740096859	0.788761880435	0.751139338514	0.802895054686	0.784254256104	0.848879741563	0.79242087433	0.805064304631	0.788915749351	0.793444590925	0.792573507289	0.763299532065	0.792252520878	0.7958507215	0.793884388313	0.801222422494
G_Co5	0.379998452516	0.42274996339	0.400215140788	0.375116505941	0.310746083301	0.313272765135	0.337009458435	0.38655150572	0.360557449574	0.0	0.581571428003	0.650526355002	0.682370137443	0.671825032566	0.662260753502	0.672221303468	0.791795214423	0.741001050209	0.681997189376	0.744479614287	0.743288341065	0.745182213272	0.732329247553	0.763107475201	0.740142526731	0.781677110384	0.76599788966	0.779062970001	0.777569484462	0.762439978493	0.433014805338	0.388292537551	0.406302930154	0.46859551355	0.443675213547	0.417152860929	0.376298998399	0.385088456608	0.447272269973	0.45055069604	0.638856051438	0.673420703997	0.684995078868	0.590062631117	0.686056737413	0.77371941244	0.724519366192	0.77960823749	0.757078078172	0.83352873198	0.74784107059	0.765806344061	0.7448229938	0.756255597254	0.750009528521	0.747568316577	0.781580462042	0.782601831386	0.779108862239	0.793370575276
G_M_Ce1	0.560345918989	0.632417373603	0.615160303778	0.6216614395	0.605499363431	0.542346282543	0.58167051249	0.598574699939	0.612077388634	0.581571428003	0.0	0.52103715417	0.584649977126	0.590853291049	0.585161344993	0.583526153376	0.671037392654	0.572803228033	0.551839149427	0.610036708612	0.790038221736	0.804733412684	0.787852537247	0.752472835465	0.797024400771	0.830134903666	0.823454308959	0.826115819518	0.827476536057	0.822687162548	0.623272531001	0.604791767362	0.640356459633	0.635429131215	0.638443387021	0.597889523037	0.59860693865	0.613080860235	0.642742851526	0.638762557413	0.478036327349	0.554705164488	0.577122282148	0.558563908127	0.587118648383	0.630051241974	0.590509577062	0.683853807645	0.618286334188	0.701517486133	0.807964450931	0.822515375611	0.80260397077	0.8132488057	0.806184188211	0.812811394495	0.830525725958	0.838908158883	0.837034149596	0.846298787668
G_M_Ce2	0.697949011445	0.678970089972	0.688633311828	0.70087244542	0.688840219777	0.6686318593	0.620857017544	0.683143170948	0.679104397655	0.650526355002	0.52103715417	0.0	0.505948675123	0.531069525246	0.564836024641	0.568751574155	0.586618014204	0.527632696346	0.489043789384	0.548774533832	0.793385484587	0.790175816093	0.785285236673	0.734038586019	0.795169312917	0.825094536774	0.809328806621	0.820123999583	0.82062517347	0.818042953619	0.67934536072	0.66435076961	0.683836727944	0.673448157355	0.686811950075	0.661504723668	0.657155695133	0.666052816469	0.692394942612	0.690273569206	0.429107279472	0.529767605998	0.520684605698	0.567401009577	0.537885580779	0.561067374418	0.541203172465	0.599195536625	0.566905429725	0.638653979435	0.805127503352	0.811603748315	0.796610034825	0.806093268303	0.802301888075	0.807884367675	0.821715811236	0.828407661571	0.825147825258	0.83576923058
G_M_Ce3	0.710944463535	0.721338274689	0.706749871641	0.716750162712	0.712501121694	0.679788641164	0.674623137077	0.698304735017	0.702593288757	0.682370137443	0.584649977126	0.505948675123	0.0	0.607692554587	0.544520493103	0.451656175306	0.576077529891	0.47205121332	0.451195457209	0.505296371224	0.802763357132	0.814521501565	0.789126280462	0.757137011013	0.810755644609	0.835661426416	0.831682841754	0.823575301656	0.833110700411	0.829836051305	0.689168962108	0.686396345579	0.706481594178	0.701125378793	0.701035685482	0.671053959591	0.668533669218	0.67497012081	0.719919018698	0.703180647546	0.494580825389	0.486231283558	0.464491802168	0.55032477537	0.463606290601	0.489837693985	0.478686016067	0.52739564602	0.53799117828	0.587239791087	0.817679794456	0.826038905995	0.810751121415	0.818287847106	0.815700223378	0.816264708438	0.833919916823	0.844297935846	0.839826398965	0.850340214041
G_M_Ce4	0.712151377085	0.720260433356	0.716207116549	0.68805990679	0.706019815419	0.684954712076	0.671705902717	0.714851625222	0.672797083239	0.671825032566	0.590853291049	0.531069525246	0.607692554587	0.0	0.607222230053	0.625084897125	0.652138126034	0.525020426406	0.566743230787	0.622411168396	0.858325431339	0.863550004579	0.850551865449	0.805144417462	0.853737059294	0.888738807463	0.882756210486	0.882090293226	0.876100564222	0.881076462161	0.70525376621	0.697242648322	0.713282862366	0.730591114877	0.728262950424	0.691951606846	0.69035723894	0.682979418004	0.723412941662	0.731306969579	0.585387020294	0.558227225377	0.572860918487	0.59471614977	0.59259860012	0.651090958076	0.576750149387	0.614172892477	0.595918007579	0.677452528563	0.860711247643	0.873564580839	0.855730843731	0.861039793659	0.860945939885	0.871493775597	0.883290680674	0.892562222025	0.887162901202	0.8938521538
G_M_Ce5	0.720266246369	0.741078166726	0.732574775807	0.725934149713	0.699133286036	0.699906734243	0.694035241905	0.722188240768	0.71822120258	0.662260753502	0.585161344993	0.564836024641	0.544520493103	0.607222230053	0.0	0.570158037928	0.582609737555	0.491340762672	0.559667419262	0.538933629283	0.851508652777	0.858205037486	0.841794227963	0.795042764299	0.848956150201	0.877228788431	0.875573672409	0.87170544869	0.873393210417	0.872126683295	0.718268885107	0.708612684098	0.732353314335	0.738037596491	0.737726130575	0.70593314394	0.693818343255	0.704615454789	0.73941257566	0.733292764892	0.55200292423	0.478882070064	0.519657679843	0.570249685742	0.551960786273	0.545109400718	0.496847457733	0.534275380344	0.504350881737	0.582719878713	0.857585116939	0.867188915925	0.852211885108	0.862446241861	0.858776047427	0.857997244883	0.872522102343	0.882248706167	0.877034823263	0.887996693932
G_M_Co1	0.688620294058	0.731905620411	0.718853944425	0.716203838534	0.70891111504	0.652942757779	0.673857733575	0.714926873096	0.700767808697	0.672221303468	0.583526153376	0.568751574155	0.451656175306	0.625084897125	0.570158037928	0.0	0.550457817094	0.485901237602	0.46279946124	0.554066388901	0.764841590936	0.794342252788	0.774129657818	0.768580565317	0.781568268333	0.799233336179	0.814435273946	0.810176662969	0.809452523435	0.807538420459	0.690831217438	0.68603987768	0.708715118635	0.693513905397	0.70811290394	0.670878854339	0.666582236178	0.680869932848	0.718244179893	0.701181764272	0.586491317631	0.57197821762	0.466869134409	0.585985497118	0.488908371065	0.551829814061	0.563293542121	0.508105490895	0.557902197207	0.619664926179	0.796879193561	0.806200065629	0.789434445344	0.798739008095	0.791965375811	0.800088716034	0.81466541363	0.826866595124	0.819566643791	0.830957962231
G_M_Co2	0.816543018324	0.813062978164	0.814213356526	0.81158957893	0.811600644858	0.79623520152	0.775251288256	0.813061143929	0.803681036064	0.791795214423	0.671037392654	0.586618014204	0.576077529891	0.652138126034	0.582609737555	0.550457817094	0.0	0.492849578056	0.558594669347	0.481781266629	0.870469559944	0.877624167309	0.865106040422	0.835456936641	0.877443504259	0.891613448608	0.887243888442	0.883632883031	0.888590849256	0.88620545126	0.762603364079	0.779257757283	0.794691530569	0.784224531517	0.784129246015	0.745622138122	0.765755717023	0.771470772009	0.796677335565	0.783046529668	0.576718200784	0.584075931222	0.538107246356	0.649568844421	0.520071661303	0.434900048726	0.526996620258	0.40890558861	0.426764761859	0.412224089766	0.876849174698	0.882821096242	0.875188951649	0.880584977651	0.878350812281	0.874708782507	0.887156680048	0.893361146285	0.888050082675	0.897554779346
G_M_Co3	0.76616349202	0.781538570128	0.753965118601	0.772381700063	0.764932812291	0.747271161336	0.736577862329	0.745945942728	0.76337438298	0.741001050209	0.572803228033	0.527632696346	0.47205121332	0.525020426406	0.491340762672	0.485901237602	0.492849578056	0.0	0.472643171184	0.529654890004	0.865204391681	0.870153372463	0.857244826902	0.830390647531	0.867959796071	0.89121174744	0.887119673098	0.88486837542	0.88679595758	0.884376953458	0.758482070514	0.752891858504	0.765649203805	0.773064835088	0.771170781273	0.744188761662	0.741203436387	0.745330605178	0.777022753305	0.769935828461	0.554905543614	0.498468854616	0.458124640192	0.592583103096	0.48486711954	0.471962230349	0.506791687997	0.494698794047	0.462263001204	0.507364371533	0.876169217096	0.881217855924	0.868750585268	0.87506356556	0.876440976355	0.876672807283	0.888714710643	0.898065689038	0.892723741656	0.901109834718
G_M_Co4	0.710907980113	0.729507363848	0.719461010076	0.683712241269	0.721499416847	0.68590756659	0.683120580863	0.718557926123	0.675438144536	0.681997189376	0.551839149427	0.489043789384	0.451195457209	0.566743230787	0.559667419262	0.46279946124	0.558594669347	0.472643171184	0.0	0.521410164295	0.813094869482	0.82629262537	0.805313033863	0.74541476877	0.811915235489	0.845056042277	0.842777203798	0.837503917123	0.827287155575	0.836523929779	0.699310411767	0.695370732914	0.719284946249	0.703173857741	0.715688812537	0.680188535337	0.677245116129	0.683435102412	0.720280998799	0.711731124757	0.536281777265	0.504364336302	0.504121167212	0.562649893925	0.446107839615	0.519072488546	0.496797623705	0.528922629891	0.52289598486	0.600195099921	0.8247779298	0.835821430945	0.816498096726	0.82468913794	0.82734147096	0.832368985655	0.84558773383	0.849503919228	0.848409526078	0.860192758774
G_M_Co5	0.78556432453	0.802105881818	0.795626369248	0.788468231705	0.768045439773	0.765673928495	0.761348979897	0.792209141608	0.783781939733	0.744479614287	0.610036708612	0.548774533832	0.505296371224	0.622411168396	0.538933629283	0.554066388901	0.481781266629	0.529654890004	0.521410164295	0.0	0.842435609421	0.856812657084	0.840520688807	0.806629975808	0.840579803276	0.869424515747	0.872270739814	0.862465093962	0.865749998868	0.854717609142	0.777049730699	0.769764841899	0.787554087152	0.776815617626	0.78292949191	0.761391541835	0.757284758751	0.763009898576	0.794317712644	0.783846223005	0.548142453414	0.514874487602	0.545774425978	0.64551883376	0.561613477805	0.443407648776	0.409946441127	0.464693116625	0.499927336931	0.449193137835	0.855329775563	0.861081252141	0.848194026201	0.856740543504	0.855542356927	0.852579660684	0.862979176682	0.868497591391	0.869647307441	0.882292757997
G_M_Ru1	0.771355812001	0.778796476318	0.770013024188	0.782148317386	0.774008104614	0.749780984835	0.733360740213	0.769572709151	0.777538350528	0.743288341065	0.790038221736	0.793385484587	0.802763357132	0.858325431339	0.851508652777	0.764841590936	0.870469559944	0.865204391681	0.813094869482	0.842435609421	0.0	0.354674383905	0.303549465333	0.405074219325	0.344898195888	0.251338741908	0.396420833829	0.369026342356	0.433702777568	0.392187389786	0.730944306413	0.712747815535	0.753818746473	0.699068539411	0.730365169782	0.69043839864	0.716493265982	0.724036434408	0.75698555593	0.745162597464	0.782086572815	0.816999725161	0.81114436576	0.76227669465	0.820406602875	0.854386401208	0.823385399829	0.870067809198	0.866834713391	0.897530908917	0.44217635588	0.423774754134	0.407539846195	0.451534385161	0.423387143482	0.477550656138	0.466556778224	0.476568192367	0.463331702469	0.489467494171
G_M_Ru2	0.778877268736	0.767545536492	0.762078459576	0.790215068694	0.771015102834	0.754221472339	0.727898422359	0.770809719673	0.788142318889	0.745182213272	0.804733412684	0.790175816093	0.814521501565	0.863550004579	0.858205037486	0.794342252788	0.877624167309	0.870153372463	0.82629262537	0.856812657084	0.354674383905	0.0	0.38948507252	0.462768531096	0.372616375003	0.441493083518	0.289144240674	0.44002643726	0.487503956354	0.448561347211	0.732929844228	0.717200557904	0.758984140659	0.696895788789	0.73152972626	0.69092485698	0.723192466604	0.72639167803	0.756822305243	0.751892548935	0.7940647793	0.823432430913	0.820948125876	0.766627713945	0.830264315821	0.862746514689	0.832847643481	0.881410545173	0.872094114354	0.905064544028	0.45360472541	0.427346223949	0.450119311336	0.441104992599	0.437824459391	0.523429622309	0.496194689357	0.492823953817	0.500061814962	0.51136556932
G_M_Ru3	0.763614950208	0.763735621267	0.752490692268	0.773299485144	0.76064052434	0.74107952699	0.724523366852	0.751913620623	0.768517622474	0.732329247553	0.787852537247	0.785285236673	0.789126280462	0.850551865449	0.841794227963	0.774129657818	0.865106040422	0.857244826902	0.805313033863	0.840520688807	0.303549465333	0.38948507252	0.0	0.41084880362	0.370883481226	0.409426633705	0.428102036642	0.286942121511	0.436540768637	0.41943365243	0.717282394531	0.696203732109	0.740484970829	0.693352420919	0.716562698847	0.674998108667	0.700269129672	0.708318354689	0.744469854257	0.729625015808	0.77376363866	0.80806017727	0.803420118131	0.750327066969	0.812696894862	0.847585753147	0.815333659754	0.864773068903	0.860208658584	0.892713503956	0.444563393928	0.44174100692	0.42102042184	0.463122746117	0.437174230188	0.46828995547	0.48380205965	0.48198027847	0.472285342214	0.510303533952
G_M_Ru4	0.800000555297	0.804200897058	0.795847014738	0.806813778289	0.79091283064	0.776366127738	0.757702416211	0.791836336295	0.797837573353	0.763107475201	0.752472835465	0.734038586019	0.757137011013	0.805144417462	0.795042764299	0.768580565317	0.835456936641	0.830390647531	0.74541476877	0.806629975808	0.405074219325	0.462768531096	0.41084880362	0.0	0.412674019366	0.482926989666	0.491359272578	0.475371038756	0.373194287418	0.475659426411	0.756275196206	0.733240017363	0.779016909668	0.726364317742	0.753252792031	0.721331715011	0.735222323078	0.745404957366	0.781004168031	0.767526440106	0.726856726744	0.763543910785	0.776831496993	0.699039736947	0.7717267559	0.817953183942	0.781257726991	0.829380226865	0.821780372089	0.865283676156	0.479405404072	0.483154226627	0.476034065869	0.503435149822	0.488677716756	0.546140779281	0.535675407111	0.544015815859	0.531306917189	0.561973197807
G_M_Ru5	0.774380886392	0.776638163382	0.767086605868	0.788028519151	0.771006104371	0.75006735086	0.735568065208	0.76619247148	0.783207391646	0.740142526731	0.797024400771	0.795169312917	0.810755644609	0.853737059294	0.848956150201	0.781568268333	0.877443504259	0.867959796071	0.811915235489	0.840579803276	0.344898195888	0.372616375003	0.370883481226	0.412674019366	0.0	0.442115485455	0.443052264352	0.433678457641	0.425535343939	0.327827997924	0.735744957479	0.708731155803	0.757094717151	0.70624589463	0.727937205546	0.696951985718	0.711611171612	0.721166639087	0.757209747651	0.746988390276	0.785029289661	0.820272790989	0.814988922128	0.762345250882	0.828367898442	0.85814036137	0.829829400414	0.873023960142	0.869920407184	0.902313438518	0.438321811238	0.441013322229	0.432656999872	0.475734040081	0.442926250407	0.51970098332	0.49707860368	0.501515039455	0.504354924791	0.539023209318
G_Ru1	0.77872008253	0.780862298334	0.771362262394	0.798234805399	0.790727678014	0.792324357155	0.777568768489	0.776067295376	0.790987567877	0.781677110384	0.830134903666	0.825094536774	0.835661426416	0.888738807463	0.877228788431	0.799233336179	0.891613448608	0.89121174744	0.845056042277	0.869424515747	0.251338741908	0.441493083518	0.409426633705	0.482926989666	0.442115485455	0.0	0.355753957042	0.345863333963	0.400395630048	0.368426671941	0.748694307472	0.749809432928	0.768493714705	0.692511916886	0.729019575323	0.731406504663	0.760161295234	0.762475664026	0.765030885722	0.759592699764	0.816542507359	0.851766201295	0.842553230425	0.795803012048	0.852402062007	0.879099871394	0.855301329953	0.894212293656	0.895407617732	0.918033631584	0.504290209302	0.482540568768	0.497314942482	0.505745735476	0.499830431402	0.452804280656	0.4334509736	0.443567499864	0.415427764206	0.448051464193
G_Ru2	0.767703719639	0.753901277748	0.75516636246	0.782667274057	0.770128503677	0.775298027449	0.755101582072	0.760253194128	0.780464700544	0.76599788966	0.823454308959	0.809328806621	0.831682841754	0.882756210486	0.875573672409	0.814435273946	0.887243888442	0.887119673098	0.842777203798	0.872270739814	0.396420833829	0.289144240674	0.428102036642	0.491359272578	0.443052264352	0.355753957042	0.0	0.361018998	0.387257543593	0.363381799832	0.724545339206	0.731824119965	0.747217739529	0.672875191859	0.7095394651	0.708224412426	0.741912078831	0.744220592126	0.731322452438	0.740618203167	0.808635913839	0.845514091729	0.83815299907	0.784891947154	0.848034116868	0.873484042269	0.850632057836	0.892406290386	0.890646784022	0.914580065386	0.504008497961	0.470454625448	0.490915608326	0.509070990086	0.486086891175	0.478971270755	0.441853157321	0.44555166192	0.430018739485	0.438412591016
G_Ru3	0.780495984699	0.775467244799	0.766532235196	0.789872588388	0.770902186775	0.786406816907	0.764097669676	0.767928772687	0.789311888388	0.779062970001	0.826115819518	0.820123999583	0.823575301656	0.882090293226	0.87170544869	0.810176662969	0.883632883031	0.88486837542	0.837503917123	0.862465093962	0.369026342356	0.44002643726	0.286942121511	0.475371038756	0.433678457641	0.345863333963	0.361018998	0.0	0.363134103647	0.350579883907	0.736350519304	0.737656981846	0.754630277465	0.694722957367	0.724657714468	0.720443825715	0.743454080093	0.746744203057	0.748140551242	0.749519923475	0.806285735634	0.839445220312	0.834097901524	0.787606229663	0.845935487971	0.871950301557	0.84643689961	0.888862627902	0.888434856317	0.913836074261	0.507736762251	0.477268564536	0.479780208416	0.495077782419	0.49600181062	0.428253627926	0.41568524365	0.429329373628	0.402064694833	0.452728533218
G_Ru4	0.785592950948	0.778448493627	0.769821413319	0.782595073885	0.770778381467	0.789233198651	0.769071220533	0.771700012433	0.777768567723	0.777569484462	0.827476536057	0.82062517347	0.833110700411	0.876100564222	0.873393210417	0.809452523435	0.888590849256	0.88679595758	0.827287155575	0.865749998868	0.433702777568	0.487503956354	0.436540768637	0.373194287418	0.425535343939	0.400395630048	0.387257543593	0.363134103647	0.0	0.370082401326	0.74133064704	0.739952261182	0.760215891617	0.696365213784	0.726599988752	0.732746828739	0.747215706847	0.756181215222	0.751472445232	0.753863028015	0.812613270049	0.842774353287	0.838719257479	0.792707079415	0.850747024563	0.874492164274	0.851093450824	0.890027936836	0.890815709772	0.914546258599	0.520020177125	0.50832773206	0.50082092874	0.539569577406	0.519833232939	0.47562875213	0.444096937928	0.455915321617	0.436285315563	0.477042644292
G_Ru5	0.767494203283	0.766552080934	0.758666840382	0.782333382248	0.766591858272	0.77495203128	0.762468405967	0.763551550442	0.77743416187	0.762439978493	0.822687162548	0.818042953619	0.829836051305	0.881076462161	0.872126683295	0.807538420459	0.88620545126	0.884376953458	0.836523929779	0.854717609142	0.392187389786	0.448561347211	0.41943365243	0.475659426411	0.327827997924	0.368426671941	0.363381799832	0.350579883907	0.370082401326	0.0	0.730953396981	0.731964324211	0.744310736202	0.689641723378	0.713510958451	0.714397611482	0.74003698251	0.743335008126	0.739749069778	0.741401140437	0.805635143541	0.843524739648	0.833656596707	0.788905203435	0.846033487084	0.873187931208	0.849421908319	0.890727929159	0.886964996445	0.915205289558	0.507674476894	0.496874290382	0.485244965334	0.519583502555	0.508540525412	0.46566975694	0.442151668745	0.457593325443	0.436040835613	0.475619239116
S_Ce1	0.423010750091	0.443227148176	0.436572589771	0.418199457631	0.440351325835	0.437638545205	0.420536840986	0.429622593027	0.421172734503	0.433014805338	0.623272531001	0.67934536072	0.689168962108	0.70525376621	0.718268885107	0.690831217438	0.762603364079	0.758482070514	0.699310411767	0.777049730699	0.730944306413	0.732929844228	0.717282394531	0.756275196206	0.735744957479	0.748694307472	0.724545339206	0.736350519304	0.74133064704	0.730953396981	0.0	0.332274666964	0.33046614642	0.361786557201	0.298607443746	0.22812485352	0.3068321921	0.328693560539	0.350431641207	0.294254038068	0.557242359786	0.656252512216	0.65347310556	0.548530258526	0.656019933362	0.718849834253	0.704532945615	0.76869179715	0.756846504782	0.819942875148	0.720387428071	0.742283021226	0.724948552684	0.731732950304	0.725933350062	0.698376004359	0.726276655053	0.736065970391	0.723644525218	0.736597368679
S_Ce2	0.419006007559	0.443284444035	0.418769082823	0.437101392432	0.421116433695	0.394523127125	0.394192012488	0.425819543684	0.434592246576	0.388292537551	0.604791767362	0.66435076961	0.686396345579	0.697242648322	0.708612684098	0.68603987768	0.779257757283	0.752891858504	0.695370732914	0.769764841899	0.712747815535	0.717200557904	0.696203732109	0.733240017363	0.708731155803	0.749809432928	0.731824119965	0.737656981846	0.739952261182	0.731964324211	0.332274666964	0.0	0.309828905792	0.367982164442	0.323563049633	0.319852664632	0.196953067973	0.27308504703	0.36277692581	0.32510692757	0.604182672135	0.629138428069	0.649194551057	0.551351411975	0.655931200981	0.749353946079	0.68411136598	0.758787564316	0.75467693778	0.821144505641	0.707020515253	0.717277911318	0.702311018098	0.716254630423	0.705143186051	0.711999010607	0.727266511285	0.74613380748	0.729967780418	0.745747780058
S_Ce3	0.401873769779	0.413150942233	0.424655314414	0.422935390891	0.395911857692	0.42658767808	0.425147342433	0.41897479364	0.417019557312	0.406302930154	0.640356459633	0.683836727944	0.706481594178	0.713282862366	0.732353314335	0.708715118635	0.794691530569	0.765649203805	0.719284946249	0.787554087152	0.753818746473	0.758984140659	0.740484970829	0.779016909668	0.757094717151	0.768493714705	0.747217739529	0.754630277465	0.760215891617	0.744310736202	0.33046614642	0.309828905792	0.0	0.375180696083	0.330532408819	0.379973458227	0.310267577346	0.267771103844	0.348875347068	0.319036896296	0.627935346795	0.663372496326	0.655763626637	0.578446169408	0.675090152042	0.766769368748	0.718186085587	0.761889905772	0.766544125875	0.833780503923	0.750757334023	0.765583762489	0.74302234627	0.758576206472	0.744471952654	0.728804131342	0.746864313595	0.76010588006	0.749715493843	0.762270822216
S_Ce4	0.448863187155	0.460768598743	0.448168014697	0.454470754538	0.481019248861	0.46610393103	0.454419268156	0.458282062583	0.447492195067	0.46859551355	0.635429131215	0.673448157355	0.701125378793	0.730591114877	0.738037596491	0.693513905397	0.784224531517	0.773064835088	0.703173857741	0.776815617626	0.699068539411	0.696895788789	0.693352420919	0.726364317742	0.70624589463	0.692511916886	0.672875191859	0.694722957367	0.696365213784	0.689641723378	0.361786557201	0.367982164442	0.375180696083	0.0	0.350930671148	0.368922441073	0.379316820057	0.372413760609	0.303149623065	0.369056584207	0.618744657806	0.679538855908	0.674736193046	0.52581207681	0.68811891501	0.751449842857	0.714813114131	0.773930308162	0.753553635132	0.834882850537	0.683145144132	0.701709103492	0.681081054181	0.692853746624	0.685264566098	0.648878796066	0.672887449704	0.680236528867	0.658819020918	0.684054956909
S_Ce5	0.419893508397	0.416936016326	0.422286211099	0.437142184486	0.438677998447	0.44913394076	0.440981186331	0.41476391524	0.438426999738	0.443675213547	0.638443387021	0.686811950075	0.701035685482	0.728262950424	0.737726130575	0.70811290394	0.784129246015	0.771170781273	0.715688812537	0.78292949191	0.730365169782	0.73152972626	0.716562698847	0.753252792031	0.727937205546	0.729019575323	0.7095394651	0.724657714468	0.726599988752	0.713510958451	0.298607443746	0.323563049633	0.330532408819	0.350930671148	0.0	0.330468682249	0.309318594865	0.339044691884	0.371831511356	0.230423967359	0.618710660262	0.673985292914	0.678987692229	0.576237199853	0.659694481104	0.755121199245	0.721791383632	0.783420714281	0.774220778436	0.820567113577	0.7213374668	0.739645534528	0.724630428347	0.723933066063	0.719195679092	0.694815856736	0.71819226636	0.726616907907	0.711786474108	0.720186504484
S_Co1	0.459940705451	0.481100230785	0.472015077708	0.462493436153	0.469494239392	0.418388002515	0.402799898865	0.459726054877	0.444466905511	0.417152860929	0.597889523037	0.661504723668	0.671053959591	0.691951606846	0.70593314394	0.670878854339	0.745622138122	0.744188761662	0.680188535337	0.761391541835	0.69043839864	0.69092485698	0.674998108667	0.721331715011	0.696951985718	0.731406504663	0.708224412426	0.720443825715	0.732746828739	0.714397611482	0.22812485352	0.319852664632	0.379973458227	0.368922441073	0.330468682249	0.0	0.294207158095	0.291533464171	0.375218690376	0.316217397594	0.526973652007	0.632145495343	0.626827575595	0.508373462049	0.627949456836	0.69768263221	0.677687247056	0.74902759865	0.736243823074	0.803062608465	0.67597230307	0.701090737948	0.681828716292	0.689510964933	0.682658502667	0.685892892487	0.715395546061	0.728055452603	0.710556768808	0.729233192788
S_Co2	0.422425991977	0.454331721767	0.435733612665	0.433150697229	0.428530053196	0.381594920879	0.385875611307	0.427151127735	0.428554647566	0.376298998399	0.59860693865	0.657155695133	0.668533669218	0.69035723894	0.693818343255	0.666582236178	0.765755717023	0.741203436387	0.677245116129	0.757284758751	0.716493265982	0.723192466604	0.700269129672	0.735222323078	0.711611171612	0.760161295234	0.741912078831	0.743454080093	0.747215706847	0.74003698251	0.3068321921	0.196953067973	0.310267577346	0.379316820057	0.309318594865	0.294207158095	0.0	0.253468505032	0.36374320306	0.294836940083	0.575079637279	0.607247735428	0.630586495832	0.532908684286	0.638713949925	0.729252696466	0.665257374383	0.747354097445	0.743719960841	0.808345432671	0.704780583848	0.726649473595	0.706132878095	0.717017009558	0.7099629573	0.718865944436	0.738858131918	0.756959868759	0.745261379876	0.755696175037
S_Co3	0.446393428551	0.455388727344	0.458479296475	0.441870629828	0.449330886661	0.39454528095	0.389864944926	0.454685188012	0.430396447733	0.385088456608	0.613080860235	0.666052816469	0.67497012081	0.682979418004	0.704615454789	0.680869932848	0.771470772009	0.745330605178	0.683435102412	0.763009898576	0.724036434408	0.72639167803	0.708318354689	0.745404957366	0.721166639087	0.762475664026	0.744220592126	0.746744203057	0.756181215222	0.743335008126	0.328693560539	0.27308504703	0.267771103844	0.372413760609	0.339044691884	0.291533464171	0.253468505032	0.0	0.359170147369	0.31323444133	0.585704847117	0.631339592877	0.61669758166	0.524451862201	0.644199455482	0.743300388728	0.690781706122	0.734175437331	0.7385744847	0.812264542743	0.713144669835	0.72798823059	0.703574468044	0.72365213846	0.715610094655	0.719981681226	0.739511483032	0.753419205658	0.739431017307	0.759643543518
S_Co4	0.438240611407	0.451054562194	0.459824757385	0.423945463554	0.444074198715	0.455720038649	0.444838786021	0.442170286208	0.433082562451	0.447272269973	0.642742851526	0.692394942612	0.719919018698	0.723412941662	0.73941257566	0.718244179893	0.796677335565	0.777022753305	0.720280998799	0.794317712644	0.75698555593	0.756822305243	0.744469854257	0.781004168031	0.757209747651	0.765030885722	0.731322452438	0.748140551242	0.751472445232	0.739749069778	0.350431641207	0.36277692581	0.348875347068	0.303149623065	0.371831511356	0.375218690376	0.36374320306	0.359170147369	0.0	0.331328593977	0.637698745549	0.689734853061	0.690190540786	0.557855769054	0.699828802775	0.771516212854	0.733761203852	0.780209258872	0.756991143975	0.839612819254	0.751892090782	0.766589002435	0.739599720743	0.751059401147	0.745560978268	0.726845602007	0.739921305317	0.755997303479	0.730846219141	0.746820057635
S_Co5	0.442967215154	0.443127871064	0.447467049092	0.428116740419	0.44470960059	0.458876476023	0.444350369392	0.436053877937	0.440652063038	0.45055069604	0.638762557413	0.690273569206	0.703180647546	0.731306969579	0.733292764892	0.701181764272	0.783046529668	0.769935828461	0.711731124757	0.783846223005	0.745162597464	0.751892548935	0.729625015808	0.767526440106	0.746988390276	0.759592699764	0.740618203167	0.749519923475	0.753863028015	0.741401140437	0.294254038068	0.32510692757	0.319036896296	0.369056584207	0.230423967359	0.316217397594	0.294836940083	0.31323444133	0.331328593977	0.0	0.607275260501	0.659356197245	0.658831788008	0.560094597616	0.643809065647	0.748547283454	0.712386659865	0.766784694858	0.764362996145	0.810139929298	0.737898487293	0.752931944802	0.736773499459	0.749742767287	0.734691715199	0.717269956508	0.743648724381	0.75215039971	0.735543026767	0.744034080585
S_M_Ce1	0.677031807856	0.700304611606	0.69410183927	0.684924334235	0.680049288688	0.649568537885	0.630422253236	0.682602997461	0.669681527556	0.638856051438	0.478036327349	0.429107279472	0.494580825389	0.585387020294	0.55200292423	0.586491317631	0.576718200784	0.554905543614	0.536281777265	0.548142453414	0.782086572815	0.7940647793	0.77376363866	0.726856726744	0.785029289661	0.816542507359	0.808635913839	0.806285735634	0.812613270049	0.805635143541	0.557242359786	0.604182672135	0.627935346795	0.618744657806	0.618710660262	0.526973652007	0.575079637279	0.585704847117	0.637698745549	0.607275260501	0.0	0.428694001489	0.435710212115	0.435980603111	0.478055509868	0.487761076721	0.47077173708	0.559099961671	0.535004834072	0.623881794539	0.772003690188	0.792005659272	0.773016900106	0.785224493087	0.776324865992	0.779767995023	0.800290840191	0.807682744014	0.802428042283	0.812485116047
S_M_Ce2	0.707831787984	0.734221607591	0.720598393709	0.716927750451	0.702140551835	0.68326527074	0.667705250246	0.716091281063	0.705585494363	0.673420703997	0.554705164488	0.529767605998	0.486231283558	0.558227225377	0.478882070064	0.57197821762	0.584075931222	0.498468854616	0.504364336302	0.514874487602	0.816999725161	0.823432430913	0.80806017727	0.763543910785	0.820272790989	0.851766201295	0.845514091729	0.839445220312	0.842774353287	0.843524739648	0.656252512216	0.629138428069	0.663372496326	0.679538855908	0.673985292914	0.632145495343	0.607247735428	0.631339592877	0.689734853061	0.659356197245	0.428694001489	0.0	0.429585290978	0.476656285357	0.452202241812	0.4983317743	0.389665237815	0.490601615112	0.452725631944	0.569559963112	0.820558998151	0.823140368335	0.816327909742	0.82435006872	0.818998924203	0.818744611277	0.830815390227	0.846627154734	0.846326429997	0.855574984181
S_M_Ce3	0.720303709088	0.734321781283	0.729191963172	0.725726662624	0.720318448194	0.699542495196	0.67863939346	0.721616428175	0.711218638878	0.684995078868	0.577122282148	0.520684605698	0.464491802168	0.572860918487	0.519657679843	0.466869134409	0.538107246356	0.458124640192	0.504121167212	0.545774425978	0.81114436576	0.820948125876	0.803420118131	0.776831496993	0.814988922128	0.842553230425	0.83815299907	0.834097901524	0.838719257479	0.833656596707	0.65347310556	0.649194551057	0.655763626637	0.674736193046	0.678987692229	0.626827575595	0.630586495832	0.61669758166	0.690190540786	0.658831788008	0.435710212115	0.429585290978	0.0	0.486301783721	0.374007939509	0.456877324042	0.466963003768	0.455623654694	0.451646135633	0.541491583589	0.812225601758	0.823185859529	0.805258320705	0.820444294317	0.811001458913	0.818355380315	0.832665686188	0.842927072411	0.837987974744	0.849696195305
S_M_Ce4	0.625156184259	0.65171206218	0.63716422194	0.636290478667	0.637524885537	0.603538663001	0.56694690489	0.634461273956	0.618408504063	0.590062631117	0.558563908127	0.567401009577	0.55032477537	0.59471614977	0.570249685742	0.585985497118	0.649568844421	0.592583103096	0.562649893925	0.64551883376	0.76227669465	0.766627713945	0.750327066969	0.699039736947	0.762345250882	0.795803012048	0.784891947154	0.787606229663	0.792707079415	0.788905203435	0.548530258526	0.551351411975	0.578446169408	0.52581207681	0.576237199853	0.508373462049	0.532908684286	0.524451862201	0.557855769054	0.560094597616	0.435980603111	0.476656285357	0.486301783721	0.0	0.502624250141	0.611677508234	0.533454565123	0.609529729106	0.584337160958	0.692950457261	0.75161301858	0.767952114247	0.744125177025	0.757795553223	0.751313305651	0.755659418629	0.774743570331	0.789073370921	0.775689344379	0.790366441374
