	G_Ru1	G_Ru2	G_Ru3	G_Ru4	G_Ru5	S_Ru1	S_Ru2	S_Ru3	S_Ru4	S_Ru5
G_Ru1	0.0	0.355753957042	0.345863333963	0.400395630048	0.368426671941	0.452804280656	0.4334509736	0.443567499864	0.415427764206	0.448051464193
G_Ru2	0.355753957042	0.0	0.361018998	0.387257543593	0.363381799832	0.478971270755	0.441853157321	0.44555166192	0.430018739485	0.438412591016
G_Ru3	0.345863333963	0.361018998	0.0	0.363134103647	0.350579883907	0.428253627926	0.41568524365	0.429329373628	0.402064694833	0.452728533218
G_Ru4	0.400395630048	0.387257543593	0.363134103647	0.0	0.370082401326	0.47562875213	0.444096937928	0.455915321617	0.436285315563	0.477042644292
G_Ru5	0.368426671941	0.363381799832	0.350579883907	0.370082401326	0.0	0.46566975694	0.442151668745	0.457593325443	0.436040835613	0.475619239116
S_Ru1	0.452804280656	0.478971270755	0.428253627926	0.47562875213	0.46566975694	0.0	0.300628044455	0.318016575368	0.303153871496	0.379882003694
S_Ru2	0.4334509736	0.441853157321	0.41568524365	0.444096937928	0.442151668745	0.300628044455	0.0	0.303113763869	0.272509281619	0.321538266117
S_Ru3	0.443567499864	0.44555166192	0.429329373628	0.455915321617	0.457593325443	0.318016575368	0.303113763869	0.0	0.306177745177	0.348993091181
S_Ru4	0.415427764206	0.430018739485	0.402064694833	0.436285315563	0.436040835613	0.303153871496	0.272509281619	0.306177745177	0.0	0.286399739485
S_Ru5	0.448051464193	0.438412591016	0.452728533218	0.477042644292	0.475619239116	0.379882003694	0.321538266117	0.348993091181	0.286399739485	0.0