	G_M_Ce1	G_M_Ce2	G_M_Ce3	G_M_Ce4	G_M_Ce5	G_M_Co1	G_M_Co2	G_M_Co3	G_M_Co4	G_M_Co5	G_M_Ru1	G_M_Ru2	G_M_Ru3	G_M_Ru4	G_M_Ru5	S_M_Ce1	S_M_Ce2	S_M_Ce3	S_M_Ce4	S_M_Ce5	S_M_Co1	S_M_Co2	S_M_Co3	S_M_Co4	S_M_Co5	S_M_Ru1	S_M_Ru2	S_M_Ru3	S_M_Ru4	S_M_Ru5
G_M_Ce1	0.0	0.52103715417	0.584649977126	0.590853291049	0.585161344993	0.583526153376	0.671037392654	0.572803228033	0.551839149427	0.610036708612	0.790038221736	0.804733412684	0.787852537247	0.752472835465	0.797024400771	0.478036327349	0.554705164488	0.577122282148	0.558563908127	0.587118648383	0.630051241974	0.590509577062	0.683853807645	0.618286334188	0.701517486133	0.807964450931	0.822515375611	0.80260397077	0.8132488057	0.806184188211
G_M_Ce2	0.52103715417	0.0	0.505948675123	0.531069525246	0.564836024641	0.568751574155	0.586618014204	0.527632696346	0.489043789384	0.548774533832	0.793385484587	0.790175816093	0.785285236673	0.734038586019	0.795169312917	0.429107279472	0.529767605998	0.520684605698	0.567401009577	0.537885580779	0.561067374418	0.541203172465	0.599195536625	0.566905429725	0.638653979435	0.805127503352	0.811603748315	0.796610034825	0.806093268303	0.802301888075
G_M_Ce3	0.584649977126	0.505948675123	0.0	0.607692554587	0.544520493103	0.451656175306	0.576077529891	0.47205121332	0.451195457209	0.505296371224	0.802763357132	0.814521501565	0.789126280462	0.757137011013	0.810755644609	0.494580825389	0.486231283558	0.464491802168	0.55032477537	0.463606290601	0.489837693985	0.478686016067	0.52739564602	0.53799117828	0.587239791087	0.817679794456	0.826038905995	0.810751121415	0.818287847106	0.815700223378
G_M_Ce4	0.590853291049	0.531069525246	0.607692554587	0.0	0.607222230053	0.625084897125	0.652138126034	0.525020426406	0.566743230787	0.622411168396	0.858325431339	0.863550004579	0.850551865449	0.805144417462	0.853737059294	0.585387020294	0.558227225377	0.572860918487	0.59471614977	0.59259860012	0.651090958076	0.576750149387	0.614172892477	0.595918007579	0.677452528563	0.860711247643	0.873564580839	0.855730843731	0.861039793659	0.860945939885
G_M_Ce5	0.585161344993	0.564836024641	0.544520493103	0.607222230053	0.0	0.570158037928	0.582609737555	0.491340762672	0.559667419262	0.538933629283	0.851508652777	0.858205037486	0.841794227963	0.795042764299	0.848956150201	0.55200292423	0.478882070064	0.519657679843	0.570249685742	0.551960786273	0.545109400718	0.496847457733	0.534275380344	0.504350881737	0.582719878713	0.857585116939	0.867188915925	0.852211885108	0.862446241861	0.858776047427
G_M_Co1	0.583526153376	0.568751574155	0.451656175306	0.625084897125	0.570158037928	0.0	0.550457817094	0.485901237602	0.46279946124	0.554066388901	0.764841590936	0.794342252788	0.774129657818	0.768580565317	0.781568268333	0.586491317631	0.57197821762	0.466869134409	0.585985497118	0.488908371065	0.551829814061	0.563293542121	0.508105490895	0.557902197207	0.619664926179	0.796879193561	0.806200065629	0.789434445344	0.798739008095	0.791965375811
G_M_Co2	0.671037392654	0.586618014204	0.576077529891	0.652138126034	0.582609737555	0.550457817094	0.0	0.492849578056	0.558594669347	0.481781266629	0.870469559944	0.877624167309	0.865106040422	0.835456936641	0.877443504259	0.576718200784	0.584075931222	0.538107246356	0.649568844421	0.520071661303	0.434900048726	0.526996620258	0.40890558861	0.426764761859	0.412224089766	0.876849174698	0.882821096242	0.875188951649	0.880584977651	0.878350812281
G_M_Co3	0.572803228033	0.527632696346	0.47205121332	0.525020426406	0.491340762672	0.485901237602	0.492849578056	0.0	0.472643171184	0.529654890004	0.865204391681	0.870153372463	0.857244826902	0.830390647531	0.867959796071	0.554905543614	0.498468854616	0.458124640192	0.592583103096	0.48486711954	0.471962230349	0.506791687997	0.494698794047	0.462263001204	0.507364371533	0.876169217096	0.881217855924	0.868750585268	0.87506356556	0.876440976355
G_M_Co4	0.551839149427	0.489043789384	0.451195457209	0.566743230787	0.559667419262	0.46279946124	0.558594669347	0.472643171184	0.0	0.521410164295	0.813094869482	0.82629262537	0.805313033863	0.74541476877	0.811915235489	0.536281777265	0.504364336302	0.504121167212	0.562649893925	0.446107839615	0.519072488546	0.496797623705	0.528922629891	0.52289598486	0.600195099921	0.8247779298	0.835821430945	0.816498096726	0.82468913794	0.82734147096
G_M_Co5	0.610036708612	0.548774533832	0.505296371224	0.622411168396	0.538933629283	0.554066388901	0.481781266629	0.529654890004	0.521410164295	0.0	0.842435609421	0.856812657084	0.840520688807	0.806629975808	0.840579803276	0.548142453414	0.514874487602	0.545774425978	0.64551883376	0.561613477805	0.443407648776	0.409946441127	0.464693116625	0.499927336931	0.449193137835	0.855329775563	0.861081252141	0.848194026201	0.856740543504	0.855542356927
G_M_Ru1	0.790038221736	0.793385484587	0.802763357132	0.858325431339	0.851508652777	0.764841590936	0.870469559944	0.865204391681	0.813094869482	0.842435609421	0.0	0.354674383905	0.303549465333	0.405074219325	0.344898195888	0.782086572815	0.816999725161	0.81114436576	0.76227669465	0.820406602875	0.854386401208	0.823385399829	0.870067809198	0.866834713391	0.897530908917	0.44217635588	0.423774754134	0.407539846195	0.451534385161	0.423387143482
G_M_Ru2	0.804733412684	0.790175816093	0.814521501565	0.863550004579	0.858205037486	0.794342252788	0.877624167309	0.870153372463	0.82629262537	0.856812657084	0.354674383905	0.0	0.38948507252	0.462768531096	0.372616375003	0.7940647793	0.823432430913	0.820948125876	0.766627713945	0.830264315821	0.862746514689	0.832847643481	0.881410545173	0.872094114354	0.905064544028	0.45360472541	0.427346223949	0.450119311336	0.441104992599	0.437824459391
G_M_Ru3	0.787852537247	0.785285236673	0.789126280462	0.850551865449	0.841794227963	0.774129657818	0.865106040422	0.857244826902	0.805313033863	0.840520688807	0.303549465333	0.38948507252	0.0	0.41084880362	0.370883481226	0.77376363866	0.80806017727	0.803420118131	0.750327066969	0.812696894862	0.847585753147	0.815333659754	0.864773068903	0.860208658584	0.892713503956	0.444563393928	0.44174100692	0.42102042184	0.463122746117	0.437174230188
G_M_Ru4	0.752472835465	0.734038586019	0.757137011013	0.805144417462	0.795042764299	0.768580565317	0.835456936641	0.830390647531	0.74541476877	0.806629975808	0.405074219325	0.462768531096	0.41084880362	0.0	0.412674019366	0.726856726744	0.763543910785	0.776831496993	0.699039736947	0.7717267559	0.817953183942	0.781257726991	0.829380226865	0.821780372089	0.865283676156	0.479405404072	0.483154226627	0.476034065869	0.503435149822	0.488677716756
G_M_Ru5	0.797024400771	0.795169312917	0.810755644609	0.853737059294	0.848956150201	0.781568268333	0.877443504259	0.867959796071	0.811915235489	0.840579803276	0.344898195888	0.372616375003	0.370883481226	0.412674019366	0.0	0.785029289661	0.820272790989	0.814988922128	0.762345250882	0.828367898442	0.85814036137	0.829829400414	0.873023960142	0.869920407184	0.902313438518	0.438321811238	0.441013322229	0.432656999872	0.475734040081	0.442926250407
S_M_Ce1	0.478036327349	0.429107279472	0.494580825389	0.585387020294	0.55200292423	0.586491317631	0.576718200784	0.554905543614	0.536281777265	0.548142453414	0.782086572815	0.7940647793	0.77376363866	0.726856726744	0.785029289661	0.0	0.428694001489	0.435710212115	0.435980603111	0.478055509868	0.487761076721	0.47077173708	0.559099961671	0.535004834072	0.623881794539	0.772003690188	0.792005659272	0.773016900106	0.785224493087	0.776324865992
S_M_Ce2	0.554705164488	0.529767605998	0.486231283558	0.558227225377	0.478882070064	0.57197821762	0.584075931222	0.498468854616	0.504364336302	0.514874487602	0.816999725161	0.823432430913	0.80806017727	0.763543910785	0.820272790989	0.428694001489	0.0	0.429585290978	0.476656285357	0.452202241812	0.4983317743	0.389665237815	0.490601615112	0.452725631944	0.569559963112	0.820558998151	0.823140368335	0.816327909742	0.82435006872	0.818998924203
S_M_Ce3	0.577122282148	0.520684605698	0.464491802168	0.572860918487	0.519657679843	0.466869134409	0.538107246356	0.458124640192	0.504121167212	0.545774425978	0.81114436576	0.820948125876	0.803420118131	0.776831496993	0.814988922128	0.435710212115	0.429585290978	0.0	0.486301783721	0.374007939509	0.456877324042	0.466963003768	0.455623654694	0.451646135633	0.541491583589	0.812225601758	0.823185859529	0.805258320705	0.820444294317	0.811001458913
S_M_Ce4	0.558563908127	0.567401009577	0.55032477537	0.59471614977	0.570249685742	0.585985497118	0.649568844421	0.592583103096	0.562649893925	0.64551883376	0.76227669465	0.766627713945	0.750327066969	0.699039736947	0.762345250882	0.435980603111	0.476656285357	0.486301783721	0.0	0.502624250141	0.611677508234	0.533454565123	0.609529729106	0.584337160958	0.692950457261	0.75161301858	0.767952114247	0.744125177025	0.757795553223	0.751313305651
S_M_Ce5	0.587118648383	0.537885580779	0.463606290601	0.59259860012	0.551960786273	0.488908371065	0.520071661303	0.48486711954	0.446107839615	0.561613477805	0.820406602875	0.830264315821	0.812696894862	0.7717267559	0.828367898442	0.478055509868	0.452202241812	0.374007939509	0.502624250141	0.0	0.486835341404	0.507526057756	0.491200013894	0.426473386763	0.540264371419	0.824004397003	0.832776302948	0.818779073351	0.830319837	0.818597082539
S_M_Co1	0.630051241974	0.561067374418	0.489837693985	0.651090958076	0.545109400718	0.551829814061	0.434900048726	0.471962230349	0.519072488546	0.443407648776	0.854386401208	0.862746514689	0.847585753147	0.817953183942	0.85814036137	0.487761076721	0.4983317743	0.456877324042	0.611677508234	0.486835341404	0.0	0.404991301943	0.452052698201	0.4708557265	0.392132002851	0.854592091317	0.86384825689	0.852960592159	0.863587202543	0.857786180948
S_M_Co2	0.590509577062	0.541203172465	0.478686016067	0.576750149387	0.496847457733	0.563293542121	0.526996620258	0.506791687997	0.496797623705	0.409946441127	0.823385399829	0.832847643481	0.815333659754	0.781257726991	0.829829400414	0.47077173708	0.389665237815	0.466963003768	0.533454565123	0.507526057756	0.404991301943	0.0	0.514930352004	0.529481113313	0.486860327918	0.826676970097	0.829127749179	0.820971118281	0.830465353959	0.825798519714
S_M_Co3	0.683853807645	0.599195536625	0.52739564602	0.614172892477	0.534275380344	0.508105490895	0.40890558861	0.494698794047	0.528922629891	0.464693116625	0.870067809198	0.881410545173	0.864773068903	0.829380226865	0.873023960142	0.559099961671	0.490601615112	0.455623654694	0.609529729106	0.491200013894	0.452052698201	0.514930352004	0.0	0.394294036688	0.422228061213	0.870105645357	0.876836643792	0.864253535531	0.874865253967	0.869812073844
S_M_Co4	0.618286334188	0.566905429725	0.53799117828	0.595918007579	0.504350881737	0.557902197207	0.426764761859	0.462263001204	0.52289598486	0.499927336931	0.866834713391	0.872094114354	0.860208658584	0.821780372089	0.869920407184	0.535004834072	0.452725631944	0.451646135633	0.584337160958	0.426473386763	0.4708557265	0.529481113313	0.394294036688	0.0	0.474283471092	0.86685093542	0.873574705675	0.86227504297	0.868511636167	0.86761685598
S_M_Co5	0.701517486133	0.638653979435	0.587239791087	0.677452528563	0.582719878713	0.619664926179	0.412224089766	0.507364371533	0.600195099921	0.449193137835	0.897530908917	0.905064544028	0.892713503956	0.865283676156	0.902313438518	0.623881794539	0.569559963112	0.541491583589	0.692950457261	0.540264371419	0.392132002851	0.486860327918	0.422228061213	0.474283471092	0.0	0.902272010304	0.908083433343	0.898817944707	0.905364910454	0.901433296658
S_M_Ru1	0.807964450931	0.805127503352	0.817679794456	0.860711247643	0.857585116939	0.796879193561	0.876849174698	0.876169217096	0.8247779298	0.855329775563	0.44217635588	0.45360472541	0.444563393928	0.479405404072	0.438321811238	0.772003690188	0.820558998151	0.812225601758	0.75161301858	0.824004397003	0.854592091317	0.826676970097	0.870105645357	0.86685093542	0.902272010304	0.0	0.308169512345	0.317220947928	0.319431512581	0.294150233513
S_M_Ru2	0.822515375611	0.811603748315	0.826038905995	0.873564580839	0.867188915925	0.806200065629	0.882821096242	0.881217855924	0.835821430945	0.861081252141	0.423774754134	0.427346223949	0.44174100692	0.483154226627	0.441013322229	0.792005659272	0.823140368335	0.823185859529	0.767952114247	0.832776302948	0.86384825689	0.829127749179	0.876836643792	0.873574705675	0.908083433343	0.308169512345	0.0	0.322041686102	0.33112119044	0.303266350464
S_M_Ru3	0.80260397077	0.796610034825	0.810751121415	0.855730843731	0.852211885108	0.789434445344	0.875188951649	0.868750585268	0.816498096726	0.848194026201	0.407539846195	0.450119311336	0.42102042184	0.476034065869	0.432656999872	0.773016900106	0.816327909742	0.805258320705	0.744125177025	0.818779073351	0.852960592159	0.820971118281	0.864253535531	0.86227504297	0.898817944707	0.317220947928	0.322041686102	0.0	0.354699955821	0.327742548573
S_M_Ru4	0.8132488057	0.806093268303	0.818287847106	0.861039793659	0.862446241861	0.798739008095	0.880584977651	0.87506356556	0.82468913794	0.856740543504	0.451534385161	0.441104992599	0.463122746117	0.503435149822	0.475734040081	0.785224493087	0.82435006872	0.820444294317	0.757795553223	0.830319837	0.863587202543	0.830465353959	0.874865253967	0.868511636167	0.905364910454	0.319431512581	0.33112119044	0.354699955821	0.0	0.326276281273
S_M_Ru5	0.806184188211	0.802301888075	0.815700223378	0.860945939885	0.858776047427	0.791965375811	0.878350812281	0.876440976355	0.82734147096	0.855542356927	0.423387143482	0.437824459391	0.437174230188	0.488677716756	0.442926250407	0.776324865992	0.818998924203	0.811001458913	0.751313305651	0.818597082539	0.857786180948	0.825798519714	0.869812073844	0.86761685598	0.901433296658	0.294150233513	0.303266350464	0.327742548573	0.326276281273	0.0