	G_Co1	G_Co2	G_Co3	G_Co4	G_Co5	S_Co1	S_Co2	S_Co3	S_Co4	S_Co5
G_Co1	0.0	0.328042421747	0.362248257405	0.361331529101	0.313272765135	0.418388002515	0.381594920879	0.39454528095	0.455720038649	0.458876476023
G_Co2	0.328042421747	0.0	0.379914630439	0.367275283131	0.337009458435	0.402799898865	0.385875611307	0.389864944926	0.444838786021	0.444350369392
G_Co3	0.362248257405	0.379914630439	0.0	0.358720768309	0.38655150572	0.459726054877	0.427151127735	0.454685188012	0.442170286208	0.436053877937
G_Co4	0.361331529101	0.367275283131	0.358720768309	0.0	0.360557449574	0.444466905511	0.428554647566	0.430396447733	0.433082562451	0.440652063038
G_Co5	0.313272765135	0.337009458435	0.38655150572	0.360557449574	0.0	0.417152860929	0.376298998399	0.385088456608	0.447272269973	0.45055069604
S_Co1	0.418388002515	0.402799898865	0.459726054877	0.444466905511	0.417152860929	0.0	0.294207158095	0.291533464171	0.375218690376	0.316217397594
S_Co2	0.381594920879	0.385875611307	0.427151127735	0.428554647566	0.376298998399	0.294207158095	0.0	0.253468505032	0.36374320306	0.294836940083
S_Co3	0.39454528095	0.389864944926	0.454685188012	0.430396447733	0.385088456608	0.291533464171	0.253468505032	0.0	0.359170147369	0.31323444133
S_Co4	0.455720038649	0.444838786021	0.442170286208	0.433082562451	0.447272269973	0.375218690376	0.36374320306	0.359170147369	0.0	0.331328593977
S_Co5	0.458876476023	0.444350369392	0.436053877937	0.440652063038	0.45055069604	0.316217397594	0.294836940083	0.31323444133	0.331328593977	0.0