	F_MC1	F_MC2	F_MC3	F_MC4	F_MC5	F_JC1	F_JC2	F_JC3	F_JC4	F_JC5	F_LW1	F_LW2	F_LW3	F_LW4	F_LW5	S_MC1	S_MC2	S_MC3	S_MC4	S_MC5	S_JC1	S_JC2	S_JC3	S_JC4	S_JC5	S_LW1	S_LW2	S_LW3	S_LW4	S_LW5
F_MC1	0.0	0.26296556998	0.290386111991	0.237018616014	0.243473908126	0.129087107204	0.244087669515	0.305452593587	0.236355345142	0.220860158365	0.560629521586	0.593500274835	0.625566278774	0.581621788229	0.64403135955	0.435870846609	0.356477580998	0.456429893166	0.399801353708	0.468809148138	0.423508629687	0.36917428531	0.425653060543	0.425201949477	0.464169565385	0.731426223116	0.73755734329	0.707291428291	0.73197424431	0.759804555274
F_MC2	0.26296556998	0.0	0.259087693272	0.257459303819	0.278936041335	0.256014843584	0.172289792166	0.280054920718	0.264267655265	0.259170293766	0.576248928471	0.594165995589	0.628068508188	0.574805163902	0.651180304225	0.390009718173	0.361410055156	0.432162963256	0.393675584081	0.465873725195	0.410919166416	0.381279441725	0.416821183982	0.395443993935	0.429543122554	0.74243943081	0.73799230546	0.697905635577	0.710345586369	0.726070969275
F_MC3	0.290386111991	0.259087693272	0.0	0.250704325721	0.255086069639	0.288149737109	0.277255602875	0.12722709763	0.271821335391	0.251843088105	0.587612690969	0.605592080269	0.62498906219	0.548231587917	0.638041748197	0.404327124185	0.367054775012	0.412466745776	0.404022592896	0.45970452408	0.402383078672	0.399477974379	0.422644386598	0.410284188001	0.434337848266	0.73415467931	0.733750267196	0.697372330225	0.701806023955	0.725827682598
F_MC4	0.237018616014	0.257459303819	0.250704325721	0.0	0.251961406582	0.232308609659	0.275828763887	0.264205172113	0.1105862246	0.247706023069	0.567905337951	0.599848524389	0.597211880005	0.558376376796	0.639141134359	0.391009219362	0.347238916454	0.405913698928	0.406669601476	0.463367673881	0.381010645359	0.356176389797	0.404014944616	0.408422060004	0.450347768851	0.726955373519	0.730745959045	0.680197703114	0.706765735299	0.731927393216
F_MC5	0.243473908126	0.278936041335	0.255086069639	0.251961406582	0.0	0.259959831068	0.259122787806	0.28469848447	0.254446793715	0.107601331471	0.554892219974	0.584600700188	0.603243419659	0.562334818594	0.627608076878	0.430597424578	0.357006694537	0.430627505758	0.384521217748	0.452826249969	0.4257639287	0.376308409299	0.427203372222	0.402483849989	0.451936922615	0.715494154669	0.721078130642	0.688554566268	0.71769719696	0.734051985443
F_JC1	0.129087107204	0.256014843584	0.288149737109	0.232308609659	0.259959831068	0.0	0.231418027073	0.297582606194	0.236360364109	0.224659716624	0.565902683421	0.594095738047	0.634309700353	0.607058859338	0.643021850162	0.439897913774	0.350179944364	0.448702571421	0.387186276893	0.466519544871	0.427416607896	0.361049643923	0.426512375892	0.419334320046	0.459942179477	0.735623544251	0.745849352138	0.714351947295	0.741033705737	0.763477583648
F_JC2	0.244087669515	0.172289792166	0.277255602875	0.275828763887	0.259122787806	0.231418027073	0.0	0.310154613753	0.25756535655	0.23282947336	0.597011637195	0.616551485283	0.642013013318	0.622887442704	0.652230831529	0.435600140622	0.369297222295	0.458719090189	0.40737872289	0.482900108878	0.433922551309	0.37302041096	0.434379027853	0.436718152082	0.480036397826	0.753485141898	0.76281853443	0.724465740908	0.753489533525	0.77654139675
F_JC3	0.305452593587	0.280054920718	0.12722709763	0.264205172113	0.28469848447	0.297582606194	0.310154613753	0.0	0.280835474064	0.279657265952	0.600456391924	0.612415251057	0.634116539751	0.564857299577	0.640986771245	0.408604650949	0.364895526592	0.394229569139	0.41200741604	0.448662141527	0.396871752191	0.390436101682	0.400892502735	0.416761501948	0.421208380332	0.733866849212	0.737129837821	0.69347462783	0.704452129498	0.728758862457
F_JC4	0.236355345142	0.264267655265	0.271821335391	0.1105862246	0.254446793715	0.236360364109	0.25756535655	0.280835474064	0.0	0.243743779159	0.563589229764	0.589823698854	0.607102536232	0.588788149327	0.636284363598	0.408973089138	0.358324060478	0.412011249136	0.40116347831	0.462323753844	0.395213200763	0.351462324072	0.397038966302	0.415280648709	0.460489269271	0.73789223697	0.73835135194	0.700146157071	0.725904778036	0.748270703242
F_JC5	0.220860158365	0.259170293766	0.251843088105	0.247706023069	0.107601331471	0.224659716624	0.23282947336	0.279657265952	0.243743779159	0.0	0.556208175766	0.583103769446	0.609605040816	0.573324965729	0.6291601779	0.421396189564	0.347071895431	0.419259677266	0.37182054574	0.453051012303	0.419087717173	0.361801512351	0.419676688936	0.399233522742	0.442858269553	0.723172035805	0.728400808601	0.691693087619	0.72453621877	0.747562559061
F_LW1	0.560629521586	0.576248928471	0.587612690969	0.567905337951	0.554892219974	0.565902683421	0.597011637195	0.600456391924	0.563589229764	0.556208175766	0.0	0.294542078269	0.367154873061	0.347530170521	0.376535613359	0.556145921551	0.559496648489	0.583320330584	0.579176639741	0.584279959137	0.563503869587	0.549099456754	0.587587587879	0.574925391059	0.579793109488	0.598805762891	0.635821790521	0.629834143344	0.639178905008	0.663888223973
F_LW2	0.593500274835	0.594165995589	0.605592080269	0.599848524389	0.584600700188	0.594095738047	0.616551485283	0.612415251057	0.589823698854	0.583103769446	0.294542078269	0.0	0.387503722841	0.370646507115	0.406375234068	0.593899546283	0.620626085247	0.608094204532	0.611561482884	0.613698569658	0.606252744305	0.595368499876	0.587029538354	0.594814470952	0.612865672325	0.651079238683	0.645447896187	0.65346102037	0.660714662168	0.678319751228
F_LW3	0.625566278774	0.628068508188	0.62498906219	0.597211880005	0.603243419659	0.634309700353	0.642013013318	0.634116539751	0.607102536232	0.609605040816	0.367154873061	0.387503722841	0.0	0.369247143379	0.358928158405	0.592636892288	0.587012516901	0.620485589799	0.617797828344	0.622881322742	0.602718258104	0.593058995556	0.608346871729	0.600316843387	0.613615599559	0.626726687717	0.675018205061	0.659058596321	0.672939203821	0.709683631903
F_LW4	0.581621788229	0.574805163902	0.548231587917	0.558376376796	0.562334818594	0.607058859338	0.622887442704	0.564857299577	0.588788149327	0.573324965729	0.347530170521	0.370646507115	0.369247143379	0.0	0.381657771579	0.5144061848	0.552327329796	0.547536080373	0.562456091671	0.557548930425	0.519579701896	0.542185049818	0.558235361153	0.5291578138	0.538768088361	0.614161644889	0.606247078529	0.59550052588	0.601362397045	0.645853796393
F_LW5	0.64403135955	0.651180304225	0.638041748197	0.639141134359	0.627608076878	0.643021850162	0.652230831529	0.640986771245	0.636284363598	0.6291601779	0.376535613359	0.406375234068	0.358928158405	0.381657771579	0.0	0.588989180704	0.616191496382	0.622404253611	0.62925668352	0.61769220217	0.602990944879	0.599348914472	0.611354645322	0.619360043882	0.621302277042	0.651973276854	0.695921793285	0.672132136368	0.687398443299	0.726090880117
S_MC1	0.435870846609	0.390009718173	0.404327124185	0.391009219362	0.430597424578	0.439897913774	0.435600140622	0.408604650949	0.408973089138	0.421396189564	0.556145921551	0.593899546283	0.592636892288	0.5144061848	0.588989180704	0.0	0.247534617722	0.2489116271	0.266860914775	0.235925311587	0.121937256585	0.248638968473	0.252752054732	0.249980225449	0.245284672071	0.544013706549	0.55751929603	0.523203923366	0.54601511435	0.567876615846
S_MC2	0.356477580998	0.361410055156	0.367054775012	0.347238916454	0.357006694537	0.350179944364	0.369297222295	0.364895526592	0.358324060478	0.347071895431	0.559496648489	0.620626085247	0.587012516901	0.552327329796	0.616191496382	0.247534617722	0.0	0.267218791801	0.238166776975	0.272010919647	0.24990932221	0.166379812374	0.265423851273	0.24169175853	0.284073305381	0.569075823928	0.591724766555	0.571616261548	0.606895928554	0.630859368268
S_MC3	0.456429893166	0.432162963256	0.412466745776	0.405913698928	0.430627505758	0.448702571421	0.458719090189	0.394229569139	0.412011249136	0.419259677266	0.583320330584	0.608094204532	0.620485589799	0.547536080373	0.622404253611	0.2489116271	0.267218791801	0.0	0.295983150167	0.27211133928	0.27566576738	0.217128228785	0.159760973972	0.267853186817	0.235406288896	0.598941107135	0.597354647959	0.552146225816	0.591920409671	0.61698919017
S_MC4	0.399801353708	0.393675584081	0.404022592896	0.406669601476	0.384521217748	0.387186276893	0.40737872289	0.41200741604	0.40116347831	0.37182054574	0.579176639741	0.611561482884	0.617797828344	0.562456091671	0.62925668352	0.266860914775	0.238166776975	0.295983150167	0.0	0.236775306859	0.267374346739	0.258982315408	0.267855109221	0.136829989155	0.272930550413	0.545560842327	0.542720481655	0.532899857603	0.568708891311	0.583691668799
S_MC5	0.468809148138	0.465873725195	0.45970452408	0.463367673881	0.452826249969	0.466519544871	0.482900108878	0.448662141527	0.462323753844	0.453051012303	0.584279959137	0.613698569658	0.622881322742	0.557548930425	0.61769220217	0.235925311587	0.272010919647	0.27211133928	0.236775306859	0.0	0.237224320242	0.27353507378	0.256674036351	0.252682104288	0.153906582304	0.500319352281	0.508609232507	0.489541668088	0.526590460401	0.541076343057
S_JC1	0.423508629687	0.410919166416	0.402383078672	0.381010645359	0.4257639287	0.427416607896	0.433922551309	0.396871752191	0.395213200763	0.419087717173	0.563503869587	0.606252744305	0.602718258104	0.519579701896	0.602990944879	0.121937256585	0.24990932221	0.27566576738	0.267374346739	0.237224320242	0.0	0.248841390884	0.247145839816	0.256110440306	0.268412254147	0.542148504909	0.55796550572	0.52725875867	0.565311401243	0.591743349473
S_JC2	0.36917428531	0.381279441725	0.399477974379	0.356176389797	0.376308409299	0.361049643923	0.37302041096	0.390436101682	0.351462324072	0.361801512351	0.549099456754	0.595368499876	0.593058995556	0.542185049818	0.599348914472	0.248638968473	0.166379812374	0.217128228785	0.258982315408	0.27353507378	0.248841390884	0.0	0.224416202375	0.239118748085	0.25845566628	0.588024289606	0.600372925087	0.564568562784	0.613509622232	0.640322631105
S_JC3	0.425653060543	0.416821183982	0.422644386598	0.404014944616	0.427203372222	0.426512375892	0.434379027853	0.400892502735	0.397038966302	0.419676688936	0.587587587879	0.587029538354	0.608346871729	0.558235361153	0.611354645322	0.252752054732	0.265423851273	0.159760973972	0.267855109221	0.256674036351	0.247145839816	0.224416202375	0.0	0.241551766415	0.245869670983	0.590583042303	0.600422279331	0.558169093467	0.599274721715	0.625388728229
S_JC4	0.425201949477	0.395443993935	0.410284188001	0.408422060004	0.402483849989	0.419334320046	0.436718152082	0.416761501948	0.415280648709	0.399233522742	0.574925391059	0.594814470952	0.600316843387	0.5291578138	0.619360043882	0.249980225449	0.24169175853	0.267853186817	0.136829989155	0.252682104288	0.256110440306	0.239118748085	0.241551766415	0.0	0.258851327054	0.557773999424	0.549416414627	0.528106178834	0.56543242776	0.589005841293
S_JC5	0.464169565385	0.429543122554	0.434337848266	0.450347768851	0.451936922615	0.459942179477	0.480036397826	0.421208380332	0.460489269271	0.442858269553	0.579793109488	0.612865672325	0.613615599559	0.538768088361	0.621302277042	0.245284672071	0.284073305381	0.235406288896	0.272930550413	0.153906582304	0.268412254147	0.25845566628	0.245869670983	0.258851327054	0.0	0.546920492214	0.548634072311	0.519124383461	0.545855826686	0.559744753697
S_LW1	0.731426223116	0.74243943081	0.73415467931	0.726955373519	0.715494154669	0.735623544251	0.753485141898	0.733866849212	0.73789223697	0.723172035805	0.598805762891	0.651079238683	0.626726687717	0.614161644889	0.651973276854	0.544013706549	0.569075823928	0.598941107135	0.545560842327	0.500319352281	0.542148504909	0.588024289606	0.590583042303	0.557773999424	0.546920492214	0.0	0.225577510756	0.203144471166	0.251176219284	0.257429959407
S_LW2	0.73755734329	0.73799230546	0.733750267196	0.730745959045	0.721078130642	0.745849352138	0.76281853443	0.737129837821	0.73835135194	0.728400808601	0.635821790521	0.645447896187	0.675018205061	0.606247078529	0.695921793285	0.55751929603	0.591724766555	0.597354647959	0.542720481655	0.508609232507	0.55796550572	0.600372925087	0.600422279331	0.549416414627	0.548634072311	0.225577510756	0.0	0.229839797216	0.186187771043	0.2023189431
S_LW3	0.707291428291	0.697905635577	0.697372330225	0.680197703114	0.688554566268	0.714351947295	0.724465740908	0.69347462783	0.700146157071	0.691693087619	0.629834143344	0.65346102037	0.659058596321	0.59550052588	0.672132136368	0.523203923366	0.571616261548	0.552146225816	0.532899857603	0.489541668088	0.52725875867	0.564568562784	0.558169093467	0.528106178834	0.519124383461	0.203144471166	0.229839797216	0.0	0.236650289543	0.243556193477
S_LW4	0.73197424431	0.710345586369	0.701806023955	0.706765735299	0.71769719696	0.741033705737	0.753489533525	0.704452129498	0.725904778036	0.72453621877	0.639178905008	0.660714662168	0.672939203821	0.601362397045	0.687398443299	0.54601511435	0.606895928554	0.591920409671	0.568708891311	0.526590460401	0.565311401243	0.613509622232	0.599274721715	0.56543242776	0.545855826686	0.251176219284	0.186187771043	0.236650289543	0.0	0.163623913763
S_LW5	0.759804555274	0.726070969275	0.725827682598	0.731927393216	0.734051985443	0.763477583648	0.77654139675	0.728758862457	0.748270703242	0.747562559061	0.663888223973	0.678319751228	0.709683631903	0.645853796393	0.726090880117	0.567876615846	0.630859368268	0.61698919017	0.583691668799	0.541076343057	0.591743349473	0.640322631105	0.625388728229	0.589005841293	0.559744753697	0.257429959407	0.2023189431	0.243556193477	0.163623913763	0.0