	G_Ce1	G_Ce2	G_Ce3	G_Ce4	G_Ce5	G_M_Ce1	G_M_Ce2	G_M_Ce3	G_M_Ce4	G_M_Ce5	S_Ce1	S_Ce2	S_Ce3	S_Ce4	S_Ce5	S_M_Ce1	S_M_Ce2	S_M_Ce3	S_M_Ce4	S_M_Ce5
G_Ce1	0.0	0.37225672246	0.345735863796	0.361594884856	0.350480355138	0.560345918989	0.697949011445	0.710944463535	0.712151377085	0.720266246369	0.423010750091	0.419006007559	0.401873769779	0.448863187155	0.419893508397	0.677031807856	0.707831787984	0.720303709088	0.625156184259	0.719284121824
G_Ce2	0.37225672246	0.0	0.357883742366	0.375557436034	0.37948059488	0.632417373603	0.678970089972	0.721338274689	0.720260433356	0.741078166726	0.443227148176	0.443284444035	0.413150942233	0.460768598743	0.416936016326	0.700304611606	0.734221607591	0.734321781283	0.65171206218	0.737219324139
G_Ce3	0.345735863796	0.357883742366	0.0	0.36017175963	0.360949188896	0.615160303778	0.688633311828	0.706749871641	0.716207116549	0.732574775807	0.436572589771	0.418769082823	0.424655314414	0.448168014697	0.422286211099	0.69410183927	0.720598393709	0.729191963172	0.63716422194	0.726337864438
G_Ce4	0.361594884856	0.375557436034	0.36017175963	0.0	0.364799492449	0.6216614395	0.70087244542	0.716750162712	0.68805990679	0.725934149713	0.418199457631	0.437101392432	0.422935390891	0.454470754538	0.437142184486	0.684924334235	0.716927750451	0.725726662624	0.636290478667	0.725363366235
G_Ce5	0.350480355138	0.37948059488	0.360949188896	0.364799492449	0.0	0.605499363431	0.688840219777	0.712501121694	0.706019815419	0.699133286036	0.440351325835	0.421116433695	0.395911857692	0.481019248861	0.438677998447	0.680049288688	0.702140551835	0.720318448194	0.637524885537	0.723891355577
G_M_Ce1	0.560345918989	0.632417373603	0.615160303778	0.6216614395	0.605499363431	0.0	0.52103715417	0.584649977126	0.590853291049	0.585161344993	0.623272531001	0.604791767362	0.640356459633	0.635429131215	0.638443387021	0.478036327349	0.554705164488	0.577122282148	0.558563908127	0.587118648383
G_M_Ce2	0.697949011445	0.678970089972	0.688633311828	0.70087244542	0.688840219777	0.52103715417	0.0	0.505948675123	0.531069525246	0.564836024641	0.67934536072	0.66435076961	0.683836727944	0.673448157355	0.686811950075	0.429107279472	0.529767605998	0.520684605698	0.567401009577	0.537885580779
G_M_Ce3	0.710944463535	0.721338274689	0.706749871641	0.716750162712	0.712501121694	0.584649977126	0.505948675123	0.0	0.607692554587	0.544520493103	0.689168962108	0.686396345579	0.706481594178	0.701125378793	0.701035685482	0.494580825389	0.486231283558	0.464491802168	0.55032477537	0.463606290601
G_M_Ce4	0.712151377085	0.720260433356	0.716207116549	0.68805990679	0.706019815419	0.590853291049	0.531069525246	0.607692554587	0.0	0.607222230053	0.70525376621	0.697242648322	0.713282862366	0.730591114877	0.728262950424	0.585387020294	0.558227225377	0.572860918487	0.59471614977	0.59259860012
G_M_Ce5	0.720266246369	0.741078166726	0.732574775807	0.725934149713	0.699133286036	0.585161344993	0.564836024641	0.544520493103	0.607222230053	0.0	0.718268885107	0.708612684098	0.732353314335	0.738037596491	0.737726130575	0.55200292423	0.478882070064	0.519657679843	0.570249685742	0.551960786273
S_Ce1	0.423010750091	0.443227148176	0.436572589771	0.418199457631	0.440351325835	0.623272531001	0.67934536072	0.689168962108	0.70525376621	0.718268885107	0.0	0.332274666964	0.33046614642	0.361786557201	0.298607443746	0.557242359786	0.656252512216	0.65347310556	0.548530258526	0.656019933362
S_Ce2	0.419006007559	0.443284444035	0.418769082823	0.437101392432	0.421116433695	0.604791767362	0.66435076961	0.686396345579	0.697242648322	0.708612684098	0.332274666964	0.0	0.309828905792	0.367982164442	0.323563049633	0.604182672135	0.629138428069	0.649194551057	0.551351411975	0.655931200981
S_Ce3	0.401873769779	0.413150942233	0.424655314414	0.422935390891	0.395911857692	0.640356459633	0.683836727944	0.706481594178	0.713282862366	0.732353314335	0.33046614642	0.309828905792	0.0	0.375180696083	0.330532408819	0.627935346795	0.663372496326	0.655763626637	0.578446169408	0.675090152042
S_Ce4	0.448863187155	0.460768598743	0.448168014697	0.454470754538	0.481019248861	0.635429131215	0.673448157355	0.701125378793	0.730591114877	0.738037596491	0.361786557201	0.367982164442	0.375180696083	0.0	0.350930671148	0.618744657806	0.679538855908	0.674736193046	0.52581207681	0.68811891501
S_Ce5	0.419893508397	0.416936016326	0.422286211099	0.437142184486	0.438677998447	0.638443387021	0.686811950075	0.701035685482	0.728262950424	0.737726130575	0.298607443746	0.323563049633	0.330532408819	0.350930671148	0.0	0.618710660262	0.673985292914	0.678987692229	0.576237199853	0.659694481104
S_M_Ce1	0.677031807856	0.700304611606	0.69410183927	0.684924334235	0.680049288688	0.478036327349	0.429107279472	0.494580825389	0.585387020294	0.55200292423	0.557242359786	0.604182672135	0.627935346795	0.618744657806	0.618710660262	0.0	0.428694001489	0.435710212115	0.435980603111	0.478055509868
S_M_Ce2	0.707831787984	0.734221607591	0.720598393709	0.716927750451	0.702140551835	0.554705164488	0.529767605998	0.486231283558	0.558227225377	0.478882070064	0.656252512216	0.629138428069	0.663372496326	0.679538855908	0.673985292914	0.428694001489	0.0	0.429585290978	0.476656285357	0.452202241812
S_M_Ce3	0.720303709088	0.734321781283	0.729191963172	0.725726662624	0.720318448194	0.577122282148	0.520684605698	0.464491802168	0.572860918487	0.519657679843	0.65347310556	0.649194551057	0.655763626637	0.674736193046	0.678987692229	0.435710212115	0.429585290978	0.0	0.486301783721	0.374007939509
S_M_Ce4	0.625156184259	0.65171206218	0.63716422194	0.636290478667	0.637524885537	0.558563908127	0.567401009577	0.55032477537	0.59471614977	0.570249685742	0.548530258526	0.551351411975	0.578446169408	0.52581207681	0.576237199853	0.435980603111	0.476656285357	0.486301783721	0.0	0.502624250141
S_M_Ce5	0.719284121824	0.737219324139	0.726337864438	0.725363366235	0.723891355577	0.587118648383	0.537885580779	0.463606290601	0.59259860012	0.551960786273	0.656019933362	0.655931200981	0.675090152042	0.68811891501	0.659694481104	0.478055509868	0.452202241812	0.374007939509	0.502624250141	0.0