	G_Ce1	G_Ce2	G_Ce3	G_Ce4	G_Ce5	G_Co1	G_Co2	G_Co3	G_Co4	G_Co5	G_Ru1	G_Ru2	G_Ru3	G_Ru4	G_Ru5	S_Ce1	S_Ce2	S_Ce3	S_Ce4	S_Ce5	S_Co1	S_Co2	S_Co3	S_Co4	S_Co5	S_Ru1	S_Ru2	S_Ru3	S_Ru4	S_Ru5
G_Ce1	0.0	0.37225672246	0.345735863796	0.361594884856	0.350480355138	0.30554908856	0.40594749657	0.327587029579	0.37474621451	0.379998452516	0.77872008253	0.767703719639	0.780495984699	0.785592950948	0.767494203283	0.423010750091	0.419006007559	0.401873769779	0.448863187155	0.419893508397	0.459940705451	0.422425991977	0.446393428551	0.438240611407	0.442967215154	0.759505581925	0.781458181442	0.786919441074	0.785532115727	0.793408787641
G_Ce2	0.37225672246	0.0	0.357883742366	0.375557436034	0.37948059488	0.392781261246	0.351548312702	0.356286288171	0.374872733919	0.42274996339	0.780862298334	0.753901277748	0.775467244799	0.778448493627	0.766552080934	0.443227148176	0.443284444035	0.413150942233	0.460768598743	0.416936016326	0.481100230785	0.454331721767	0.455388727344	0.451054562194	0.443127871064	0.766649936405	0.783835636227	0.78777578568	0.783020391809	0.786492846691
G_Ce3	0.345735863796	0.357883742366	0.0	0.36017175963	0.360949188896	0.374926743375	0.381605052944	0.253905023577	0.36441461629	0.400215140788	0.771362262394	0.75516636246	0.766532235196	0.769821413319	0.758666840382	0.436572589771	0.418769082823	0.424655314414	0.448168014697	0.422286211099	0.472015077708	0.435733612665	0.458479296475	0.459824757385	0.447467049092	0.755327364374	0.780631820914	0.78565659143	0.778461467039	0.779587900321
G_Ce4	0.361594884856	0.375557436034	0.36017175963	0.0	0.364799492449	0.380673302213	0.398126307493	0.377962373589	0.23492265794	0.375116505941	0.798234805399	0.782667274057	0.789872588388	0.782595073885	0.782333382248	0.418199457631	0.437101392432	0.422935390891	0.454470754538	0.437142184486	0.462493436153	0.433150697229	0.441870629828	0.423945463554	0.428116740419	0.778290198033	0.801073630142	0.805020376316	0.802603586891	0.809288750288
G_Ce5	0.350480355138	0.37948059488	0.360949188896	0.364799492449	0.0	0.373231019744	0.397966681898	0.365949740334	0.358334498553	0.310746083301	0.790727678014	0.770128503677	0.770902186775	0.770778381467	0.766591858272	0.440351325835	0.421116433695	0.395911857692	0.481019248861	0.438677998447	0.469494239392	0.428530053196	0.449330886661	0.444074198715	0.44470960059	0.755167218879	0.77831477406	0.790500238859	0.784809480393	0.797284134096
G_Co1	0.30554908856	0.392781261246	0.374926743375	0.380673302213	0.373231019744	0.0	0.328042421747	0.362248257405	0.361331529101	0.313272765135	0.792324357155	0.775298027449	0.786406816907	0.789233198651	0.77495203128	0.437638545205	0.394523127125	0.42658767808	0.46610393103	0.44913394076	0.418388002515	0.381594920879	0.39454528095	0.455720038649	0.458876476023	0.763707375101	0.78936453487	0.798742307594	0.79503736218	0.803035497361
G_Co2	0.40594749657	0.351548312702	0.381605052944	0.398126307493	0.397966681898	0.328042421747	0.0	0.379914630439	0.367275283131	0.337009458435	0.777568768489	0.755101582072	0.764097669676	0.769071220533	0.762468405967	0.420536840986	0.394192012488	0.425147342433	0.454419268156	0.440981186331	0.402799898865	0.385875611307	0.389864944926	0.444838786021	0.444350369392	0.737338160351	0.769132339889	0.77736937334	0.775987378811	0.78366501115
G_Co3	0.327587029579	0.356286288171	0.253905023577	0.377962373589	0.365949740334	0.362248257405	0.379914630439	0.0	0.358720768309	0.38655150572	0.776067295376	0.760253194128	0.767928772687	0.771700012433	0.763551550442	0.429622593027	0.425819543684	0.41897479364	0.458282062583	0.41476391524	0.459726054877	0.427151127735	0.454685188012	0.442170286208	0.436053877937	0.751816908188	0.783096018316	0.786877217071	0.782104651965	0.786900774565
G_Co4	0.37474621451	0.374872733919	0.36441461629	0.23492265794	0.358334498553	0.361331529101	0.367275283131	0.358720768309	0.0	0.360557449574	0.790987567877	0.780464700544	0.789311888388	0.777768567723	0.77743416187	0.421172734503	0.434592246576	0.417019557312	0.447492195067	0.438426999738	0.444466905511	0.428554647566	0.430396447733	0.433082562451	0.440652063038	0.763299532065	0.792252520878	0.7958507215	0.793884388313	0.801222422494
G_Co5	0.379998452516	0.42274996339	0.400215140788	0.375116505941	0.310746083301	0.313272765135	0.337009458435	0.38655150572	0.360557449574	0.0	0.781677110384	0.76599788966	0.779062970001	0.777569484462	0.762439978493	0.433014805338	0.388292537551	0.406302930154	0.46859551355	0.443675213547	0.417152860929	0.376298998399	0.385088456608	0.447272269973	0.45055069604	0.747568316577	0.781580462042	0.782601831386	0.779108862239	0.793370575276
G_Ru1	0.77872008253	0.780862298334	0.771362262394	0.798234805399	0.790727678014	0.792324357155	0.777568768489	0.776067295376	0.790987567877	0.781677110384	0.0	0.355753957042	0.345863333963	0.400395630048	0.368426671941	0.748694307472	0.749809432928	0.768493714705	0.692511916886	0.729019575323	0.731406504663	0.760161295234	0.762475664026	0.765030885722	0.759592699764	0.452804280656	0.4334509736	0.443567499864	0.415427764206	0.448051464193
G_Ru2	0.767703719639	0.753901277748	0.75516636246	0.782667274057	0.770128503677	0.775298027449	0.755101582072	0.760253194128	0.780464700544	0.76599788966	0.355753957042	0.0	0.361018998	0.387257543593	0.363381799832	0.724545339206	0.731824119965	0.747217739529	0.672875191859	0.7095394651	0.708224412426	0.741912078831	0.744220592126	0.731322452438	0.740618203167	0.478971270755	0.441853157321	0.44555166192	0.430018739485	0.438412591016
G_Ru3	0.780495984699	0.775467244799	0.766532235196	0.789872588388	0.770902186775	0.786406816907	0.764097669676	0.767928772687	0.789311888388	0.779062970001	0.345863333963	0.361018998	0.0	0.363134103647	0.350579883907	0.736350519304	0.737656981846	0.754630277465	0.694722957367	0.724657714468	0.720443825715	0.743454080093	0.746744203057	0.748140551242	0.749519923475	0.428253627926	0.41568524365	0.429329373628	0.402064694833	0.452728533218
G_Ru4	0.785592950948	0.778448493627	0.769821413319	0.782595073885	0.770778381467	0.789233198651	0.769071220533	0.771700012433	0.777768567723	0.777569484462	0.400395630048	0.387257543593	0.363134103647	0.0	0.370082401326	0.74133064704	0.739952261182	0.760215891617	0.696365213784	0.726599988752	0.732746828739	0.747215706847	0.756181215222	0.751472445232	0.753863028015	0.47562875213	0.444096937928	0.455915321617	0.436285315563	0.477042644292
G_Ru5	0.767494203283	0.766552080934	0.758666840382	0.782333382248	0.766591858272	0.77495203128	0.762468405967	0.763551550442	0.77743416187	0.762439978493	0.368426671941	0.363381799832	0.350579883907	0.370082401326	0.0	0.730953396981	0.731964324211	0.744310736202	0.689641723378	0.713510958451	0.714397611482	0.74003698251	0.743335008126	0.739749069778	0.741401140437	0.46566975694	0.442151668745	0.457593325443	0.436040835613	0.475619239116
S_Ce1	0.423010750091	0.443227148176	0.436572589771	0.418199457631	0.440351325835	0.437638545205	0.420536840986	0.429622593027	0.421172734503	0.433014805338	0.748694307472	0.724545339206	0.736350519304	0.74133064704	0.730953396981	0.0	0.332274666964	0.33046614642	0.361786557201	0.298607443746	0.22812485352	0.3068321921	0.328693560539	0.350431641207	0.294254038068	0.698376004359	0.726276655053	0.736065970391	0.723644525218	0.736597368679
S_Ce2	0.419006007559	0.443284444035	0.418769082823	0.437101392432	0.421116433695	0.394523127125	0.394192012488	0.425819543684	0.434592246576	0.388292537551	0.749809432928	0.731824119965	0.737656981846	0.739952261182	0.731964324211	0.332274666964	0.0	0.309828905792	0.367982164442	0.323563049633	0.319852664632	0.196953067973	0.27308504703	0.36277692581	0.32510692757	0.711999010607	0.727266511285	0.74613380748	0.729967780418	0.745747780058
S_Ce3	0.401873769779	0.413150942233	0.424655314414	0.422935390891	0.395911857692	0.42658767808	0.425147342433	0.41897479364	0.417019557312	0.406302930154	0.768493714705	0.747217739529	0.754630277465	0.760215891617	0.744310736202	0.33046614642	0.309828905792	0.0	0.375180696083	0.330532408819	0.379973458227	0.310267577346	0.267771103844	0.348875347068	0.319036896296	0.728804131342	0.746864313595	0.76010588006	0.749715493843	0.762270822216
S_Ce4	0.448863187155	0.460768598743	0.448168014697	0.454470754538	0.481019248861	0.46610393103	0.454419268156	0.458282062583	0.447492195067	0.46859551355	0.692511916886	0.672875191859	0.694722957367	0.696365213784	0.689641723378	0.361786557201	0.367982164442	0.375180696083	0.0	0.350930671148	0.368922441073	0.379316820057	0.372413760609	0.303149623065	0.369056584207	0.648878796066	0.672887449704	0.680236528867	0.658819020918	0.684054956909
S_Ce5	0.419893508397	0.416936016326	0.422286211099	0.437142184486	0.438677998447	0.44913394076	0.440981186331	0.41476391524	0.438426999738	0.443675213547	0.729019575323	0.7095394651	0.724657714468	0.726599988752	0.713510958451	0.298607443746	0.323563049633	0.330532408819	0.350930671148	0.0	0.330468682249	0.309318594865	0.339044691884	0.371831511356	0.230423967359	0.694815856736	0.71819226636	0.726616907907	0.711786474108	0.720186504484
S_Co1	0.459940705451	0.481100230785	0.472015077708	0.462493436153	0.469494239392	0.418388002515	0.402799898865	0.459726054877	0.444466905511	0.417152860929	0.731406504663	0.708224412426	0.720443825715	0.732746828739	0.714397611482	0.22812485352	0.319852664632	0.379973458227	0.368922441073	0.330468682249	0.0	0.294207158095	0.291533464171	0.375218690376	0.316217397594	0.685892892487	0.715395546061	0.728055452603	0.710556768808	0.729233192788
S_Co2	0.422425991977	0.454331721767	0.435733612665	0.433150697229	0.428530053196	0.381594920879	0.385875611307	0.427151127735	0.428554647566	0.376298998399	0.760161295234	0.741912078831	0.743454080093	0.747215706847	0.74003698251	0.3068321921	0.196953067973	0.310267577346	0.379316820057	0.309318594865	0.294207158095	0.0	0.253468505032	0.36374320306	0.294836940083	0.718865944436	0.738858131918	0.756959868759	0.745261379876	0.755696175037
S_Co3	0.446393428551	0.455388727344	0.458479296475	0.441870629828	0.449330886661	0.39454528095	0.389864944926	0.454685188012	0.430396447733	0.385088456608	0.762475664026	0.744220592126	0.746744203057	0.756181215222	0.743335008126	0.328693560539	0.27308504703	0.267771103844	0.372413760609	0.339044691884	0.291533464171	0.253468505032	0.0	0.359170147369	0.31323444133	0.719981681226	0.739511483032	0.753419205658	0.739431017307	0.759643543518
S_Co4	0.438240611407	0.451054562194	0.459824757385	0.423945463554	0.444074198715	0.455720038649	0.444838786021	0.442170286208	0.433082562451	0.447272269973	0.765030885722	0.731322452438	0.748140551242	0.751472445232	0.739749069778	0.350431641207	0.36277692581	0.348875347068	0.303149623065	0.371831511356	0.375218690376	0.36374320306	0.359170147369	0.0	0.331328593977	0.726845602007	0.739921305317	0.755997303479	0.730846219141	0.746820057635
S_Co5	0.442967215154	0.443127871064	0.447467049092	0.428116740419	0.44470960059	0.458876476023	0.444350369392	0.436053877937	0.440652063038	0.45055069604	0.759592699764	0.740618203167	0.749519923475	0.753863028015	0.741401140437	0.294254038068	0.32510692757	0.319036896296	0.369056584207	0.230423967359	0.316217397594	0.294836940083	0.31323444133	0.331328593977	0.0	0.717269956508	0.743648724381	0.75215039971	0.735543026767	0.744034080585
S_Ru1	0.759505581925	0.766649936405	0.755327364374	0.778290198033	0.755167218879	0.763707375101	0.737338160351	0.751816908188	0.763299532065	0.747568316577	0.452804280656	0.478971270755	0.428253627926	0.47562875213	0.46566975694	0.698376004359	0.711999010607	0.728804131342	0.648878796066	0.694815856736	0.685892892487	0.718865944436	0.719981681226	0.726845602007	0.717269956508	0.0	0.300628044455	0.318016575368	0.303153871496	0.379882003694
S_Ru2	0.781458181442	0.783835636227	0.780631820914	0.801073630142	0.77831477406	0.78936453487	0.769132339889	0.783096018316	0.792252520878	0.781580462042	0.4334509736	0.441853157321	0.41568524365	0.444096937928	0.442151668745	0.726276655053	0.727266511285	0.746864313595	0.672887449704	0.71819226636	0.715395546061	0.738858131918	0.739511483032	0.739921305317	0.743648724381	0.300628044455	0.0	0.303113763869	0.272509281619	0.321538266117
S_Ru3	0.786919441074	0.78777578568	0.78565659143	0.805020376316	0.790500238859	0.798742307594	0.77736937334	0.786877217071	0.7958507215	0.782601831386	0.443567499864	0.44555166192	0.429329373628	0.455915321617	0.457593325443	0.736065970391	0.74613380748	0.76010588006	0.680236528867	0.726616907907	0.728055452603	0.756959868759	0.753419205658	0.755997303479	0.75215039971	0.318016575368	0.303113763869	0.0	0.306177745177	0.348993091181
S_Ru4	0.785532115727	0.783020391809	0.778461467039	0.802603586891	0.784809480393	0.79503736218	0.775987378811	0.782104651965	0.793884388313	0.779108862239	0.415427764206	0.430018739485	0.402064694833	0.436285315563	0.436040835613	0.723644525218	0.729967780418	0.749715493843	0.658819020918	0.711786474108	0.710556768808	0.745261379876	0.739431017307	0.730846219141	0.735543026767	0.303153871496	0.272509281619	0.306177745177	0.0	0.286399739485
S_Ru5	0.793408787641	0.786492846691	0.779587900321	0.809288750288	0.797284134096	0.803035497361	0.78366501115	0.786900774565	0.801222422494	0.793370575276	0.448051464193	0.438412591016	0.452728533218	0.477042644292	0.475619239116	0.736597368679	0.745747780058	0.762270822216	0.684054956909	0.720186504484	0.729233192788	0.755696175037	0.759643543518	0.746820057635	0.744034080585	0.379882003694	0.321538266117	0.348993091181	0.286399739485	0.0