	G_M_Co1	G_M_Co2	G_M_Co3	G_M_Co4	G_M_Co5	S_M_Co1	S_M_Co2	S_M_Co3	S_M_Co4	S_M_Co5
G_M_Co1	0.0	0.550457817094	0.485901237602	0.46279946124	0.554066388901	0.551829814061	0.563293542121	0.508105490895	0.557902197207	0.619664926179
G_M_Co2	0.550457817094	0.0	0.492849578056	0.558594669347	0.481781266629	0.434900048726	0.526996620258	0.40890558861	0.426764761859	0.412224089766
G_M_Co3	0.485901237602	0.492849578056	0.0	0.472643171184	0.529654890004	0.471962230349	0.506791687997	0.494698794047	0.462263001204	0.507364371533
G_M_Co4	0.46279946124	0.558594669347	0.472643171184	0.0	0.521410164295	0.519072488546	0.496797623705	0.528922629891	0.52289598486	0.600195099921
G_M_Co5	0.554066388901	0.481781266629	0.529654890004	0.521410164295	0.0	0.443407648776	0.409946441127	0.464693116625	0.499927336931	0.449193137835
S_M_Co1	0.551829814061	0.434900048726	0.471962230349	0.519072488546	0.443407648776	0.0	0.404991301943	0.452052698201	0.4708557265	0.392132002851
S_M_Co2	0.563293542121	0.526996620258	0.506791687997	0.496797623705	0.409946441127	0.404991301943	0.0	0.514930352004	0.529481113313	0.486860327918
S_M_Co3	0.508105490895	0.40890558861	0.494698794047	0.528922629891	0.464693116625	0.452052698201	0.514930352004	0.0	0.394294036688	0.422228061213
S_M_Co4	0.557902197207	0.426764761859	0.462263001204	0.52289598486	0.499927336931	0.4708557265	0.529481113313	0.394294036688	0.0	0.474283471092
S_M_Co5	0.619664926179	0.412224089766	0.507364371533	0.600195099921	0.449193137835	0.392132002851	0.486860327918	0.422228061213	0.474283471092	0.0