	G_M_Ru1	G_M_Ru2	G_M_Ru3	G_M_Ru4	G_M_Ru5	G_Ru1	G_Ru2	G_Ru3	G_Ru4	G_Ru5	S_M_Ru1	S_M_Ru2	S_M_Ru3	S_M_Ru4	S_M_Ru5	S_Ru1	S_Ru2	S_Ru3	S_Ru4	S_Ru5
G_M_Ru1	0.0	0.354674383905	0.303549465333	0.405074219325	0.344898195888	0.251338741908	0.396420833829	0.369026342356	0.433702777568	0.392187389786	0.44217635588	0.423774754134	0.407539846195	0.451534385161	0.423387143482	0.477550656138	0.466556778224	0.476568192367	0.463331702469	0.489467494171
G_M_Ru2	0.354674383905	0.0	0.38948507252	0.462768531096	0.372616375003	0.441493083518	0.289144240674	0.44002643726	0.487503956354	0.448561347211	0.45360472541	0.427346223949	0.450119311336	0.441104992599	0.437824459391	0.523429622309	0.496194689357	0.492823953817	0.500061814962	0.51136556932
G_M_Ru3	0.303549465333	0.38948507252	0.0	0.41084880362	0.370883481226	0.409426633705	0.428102036642	0.286942121511	0.436540768637	0.41943365243	0.444563393928	0.44174100692	0.42102042184	0.463122746117	0.437174230188	0.46828995547	0.48380205965	0.48198027847	0.472285342214	0.510303533952
G_M_Ru4	0.405074219325	0.462768531096	0.41084880362	0.0	0.412674019366	0.482926989666	0.491359272578	0.475371038756	0.373194287418	0.475659426411	0.479405404072	0.483154226627	0.476034065869	0.503435149822	0.488677716756	0.546140779281	0.535675407111	0.544015815859	0.531306917189	0.561973197807
G_M_Ru5	0.344898195888	0.372616375003	0.370883481226	0.412674019366	0.0	0.442115485455	0.443052264352	0.433678457641	0.425535343939	0.327827997924	0.438321811238	0.441013322229	0.432656999872	0.475734040081	0.442926250407	0.51970098332	0.49707860368	0.501515039455	0.504354924791	0.539023209318
G_Ru1	0.251338741908	0.441493083518	0.409426633705	0.482926989666	0.442115485455	0.0	0.355753957042	0.345863333963	0.400395630048	0.368426671941	0.504290209302	0.482540568768	0.497314942482	0.505745735476	0.499830431402	0.452804280656	0.4334509736	0.443567499864	0.415427764206	0.448051464193
G_Ru2	0.396420833829	0.289144240674	0.428102036642	0.491359272578	0.443052264352	0.355753957042	0.0	0.361018998	0.387257543593	0.363381799832	0.504008497961	0.470454625448	0.490915608326	0.509070990086	0.486086891175	0.478971270755	0.441853157321	0.44555166192	0.430018739485	0.438412591016
G_Ru3	0.369026342356	0.44002643726	0.286942121511	0.475371038756	0.433678457641	0.345863333963	0.361018998	0.0	0.363134103647	0.350579883907	0.507736762251	0.477268564536	0.479780208416	0.495077782419	0.49600181062	0.428253627926	0.41568524365	0.429329373628	0.402064694833	0.452728533218
G_Ru4	0.433702777568	0.487503956354	0.436540768637	0.373194287418	0.425535343939	0.400395630048	0.387257543593	0.363134103647	0.0	0.370082401326	0.520020177125	0.50832773206	0.50082092874	0.539569577406	0.519833232939	0.47562875213	0.444096937928	0.455915321617	0.436285315563	0.477042644292
G_Ru5	0.392187389786	0.448561347211	0.41943365243	0.475659426411	0.327827997924	0.368426671941	0.363381799832	0.350579883907	0.370082401326	0.0	0.507674476894	0.496874290382	0.485244965334	0.519583502555	0.508540525412	0.46566975694	0.442151668745	0.457593325443	0.436040835613	0.475619239116
S_M_Ru1	0.44217635588	0.45360472541	0.444563393928	0.479405404072	0.438321811238	0.504290209302	0.504008497961	0.507736762251	0.520020177125	0.507674476894	0.0	0.308169512345	0.317220947928	0.319431512581	0.294150233513	0.389077516701	0.399617469194	0.430477559532	0.390877639472	0.432630641558
S_M_Ru2	0.423774754134	0.427346223949	0.44174100692	0.483154226627	0.441013322229	0.482540568768	0.470454625448	0.477268564536	0.50832773206	0.496874290382	0.308169512345	0.0	0.322041686102	0.33112119044	0.303266350464	0.396932415496	0.303873048629	0.40028109061	0.366699633959	0.375183960394
S_M_Ru3	0.407539846195	0.450119311336	0.42102042184	0.476034065869	0.432656999872	0.497314942482	0.490915608326	0.479780208416	0.50082092874	0.485244965334	0.317220947928	0.322041686102	0.0	0.354699955821	0.327742548573	0.398707813661	0.384282324579	0.348600144361	0.382091968423	0.422746309566
S_M_Ru4	0.451534385161	0.441104992599	0.463122746117	0.503435149822	0.475734040081	0.505745735476	0.509070990086	0.495077782419	0.539569577406	0.519583502555	0.319431512581	0.33112119044	0.354699955821	0.0	0.326276281273	0.439143998392	0.430432330191	0.442912509041	0.388682808239	0.438671427614
S_M_Ru5	0.423387143482	0.437824459391	0.437174230188	0.488677716756	0.442926250407	0.499830431402	0.486086891175	0.49600181062	0.519833232939	0.508540525412	0.294150233513	0.303266350464	0.327742548573	0.326276281273	0.0	0.441256568624	0.38685309879	0.43211661068	0.387607019936	0.350557577697
S_Ru1	0.477550656138	0.523429622309	0.46828995547	0.546140779281	0.51970098332	0.452804280656	0.478971270755	0.428253627926	0.47562875213	0.46566975694	0.389077516701	0.396932415496	0.398707813661	0.439143998392	0.441256568624	0.0	0.300628044455	0.318016575368	0.303153871496	0.379882003694
S_Ru2	0.466556778224	0.496194689357	0.48380205965	0.535675407111	0.49707860368	0.4334509736	0.441853157321	0.41568524365	0.444096937928	0.442151668745	0.399617469194	0.303873048629	0.384282324579	0.430432330191	0.38685309879	0.300628044455	0.0	0.303113763869	0.272509281619	0.321538266117
S_Ru3	0.476568192367	0.492823953817	0.48198027847	0.544015815859	0.501515039455	0.443567499864	0.44555166192	0.429329373628	0.455915321617	0.457593325443	0.430477559532	0.40028109061	0.348600144361	0.442912509041	0.43211661068	0.318016575368	0.303113763869	0.0	0.306177745177	0.348993091181
S_Ru4	0.463331702469	0.500061814962	0.472285342214	0.531306917189	0.504354924791	0.415427764206	0.430018739485	0.402064694833	0.436285315563	0.436040835613	0.390877639472	0.366699633959	0.382091968423	0.388682808239	0.387607019936	0.303153871496	0.272509281619	0.306177745177	0.0	0.286399739485
S_Ru5	0.489467494171	0.51136556932	0.510303533952	0.561973197807	0.539023209318	0.448051464193	0.438412591016	0.452728533218	0.477042644292	0.475619239116	0.432630641558	0.375183960394	0.422746309566	0.438671427614	0.350557577697	0.379882003694	0.321538266117	0.348993091181	0.286399739485	0.0