	G_Ce1	G_Ce2	G_Ce3	G_Ce4	G_Ce5	S_Ce1	S_Ce2	S_Ce3	S_Ce4	S_Ce5
G_Ce1	0.0	0.37225672246	0.345735863796	0.361594884856	0.350480355138	0.423010750091	0.419006007559	0.401873769779	0.448863187155	0.419893508397
G_Ce2	0.37225672246	0.0	0.357883742366	0.375557436034	0.37948059488	0.443227148176	0.443284444035	0.413150942233	0.460768598743	0.416936016326
G_Ce3	0.345735863796	0.357883742366	0.0	0.36017175963	0.360949188896	0.436572589771	0.418769082823	0.424655314414	0.448168014697	0.422286211099
G_Ce4	0.361594884856	0.375557436034	0.36017175963	0.0	0.364799492449	0.418199457631	0.437101392432	0.422935390891	0.454470754538	0.437142184486
G_Ce5	0.350480355138	0.37948059488	0.360949188896	0.364799492449	0.0	0.440351325835	0.421116433695	0.395911857692	0.481019248861	0.438677998447
S_Ce1	0.423010750091	0.443227148176	0.436572589771	0.418199457631	0.440351325835	0.0	0.332274666964	0.33046614642	0.361786557201	0.298607443746
S_Ce2	0.419006007559	0.443284444035	0.418769082823	0.437101392432	0.421116433695	0.332274666964	0.0	0.309828905792	0.367982164442	0.323563049633
S_Ce3	0.401873769779	0.413150942233	0.424655314414	0.422935390891	0.395911857692	0.33046614642	0.309828905792	0.0	0.375180696083	0.330532408819
S_Ce4	0.448863187155	0.460768598743	0.448168014697	0.454470754538	0.481019248861	0.361786557201	0.367982164442	0.375180696083	0.0	0.350930671148
S_Ce5	0.419893508397	0.416936016326	0.422286211099	0.437142184486	0.438677998447	0.298607443746	0.323563049633	0.330532408819	0.350930671148	0.0